11 225 0.043319 0.003978 0.04024 0.109987 
1 71 0.000969 0.001445 0.006364 0.006907 
25 134 681.762 0.009456 4.98506 0.139384 
1 207 0.000898 0.001393 0.006238 0.016272 
16 91 1.35996 0.005292 0.1531 0.067584 
11 74 0.043112 0.00383 0.041186 0.040895 
24 247 341.662 0.008788 2.74045 0.240061 
10 39 0.023332 0.005055 0.029343 0.021627 
24 217 338.939 0.008379 2.73667 0.210642 
16 183 1.36204 0.005371 0.155872 0.160457 
16 158 1.3621 0.005822 0.161101 0.109466 
22 249 85.0856 0.00809 1.32718 0.22191 
15 137 0.701685 0.005449 0.141815 0.095535 
1 152 0.000828 0.001458 0.005821 0.012768 
15 91 0.700433 0.005972 0.132036 0.061634 
2 224 0.001082 0.002151 0.004949 0.026325 
5 32 0.001899 0.002503 0.009278 0.013459 
25 57 660.659 0.325214 4.65419 0.063975 
16 31 1.26817 0.060418 0.138428 0.027574 
19 147 10.6341 0.006752 0.567234 0.116952 
3 51 0.001339 0.002063 0.007828 0.013125 
4 80 0.001458 0.002606 0.007776 0.019747 
15 28 0.667034 0.01939 0.119528 0.024178 
7 184 0.003842 0.003459 0.012992 0.063593 
10 106 0.022344 0.003926 0.027276 0.050384 
5 186 0.001916 0.00238 0.039674 0.046224 
25 212 682.758 0.009735 5.03713 0.214985 
19 204 10.6351 0.006903 0.545172 0.161891 
6 191 0.002551 0.00304 0.010625 0.054869 
1 139 0.000811 0.001563 0.005817 0.012419 
3 235 0.001177 0.002509 0.007102 0.035961 
2 209 0.001004 0.001916 0.004503 0.024703 
20 121 21.3196 0.007324 0.629407 0.102441 
15 33 0.652127 0.024064 0.130729 0.027729 
8 210 0.006601 0.003519 0.014317 0.07622 
11 45 0.043246 0.004797 0.039419 0.025785 
24 165 340.21 0.009329 2.84074 0.164603 
6 80 0.00269 0.002928 0.01055 0.026239 
6 91 0.002761 0.002936 0.011782 0.029262 
11 238 0.043009 0.004109 0.042406 0.116796 
19 157 10.7204 0.006666 0.548555 0.123932 
8 12 0.007574 0.00545 0.013703 0.010885 
25 202 681.125 0.008998 4.96282 0.205468 
17 109 2.65848 0.006251 0.283711 0.083114 
18 179 5.35485 0.006491 0.310896 0.133088 
21 104 43.2652 0.008738 1.1526 0.093496 
10 231 0.022496 0.003905 0.028765 0.104558 
25 198 680.436 0.00936 5.0229 0.201743 
24 189 339.171 0.009227 2.74894 0.187154 
6 107 0.002943 0.003185 0.010718 0.035083 
9 111 0.0119 0.003928 0.025087 0.04623 
8 4 0.006049 0.00505 0.006169 0.006208 
20 161 21.2708 0.007087 0.621745 0.133542 
18 71 5.39405 0.013052 0.318377 0.057331 
11 157 0.043233 0.003607 0.042309 0.076522 
21 177 42.4087 0.007721 1.09316 0.153054 
5 83 0.001897 0.002645 0.00945 0.02313 
23 47 160.458 0.523008 2.24047 0.051062 
8 60 0.006676 0.002933 0.014776 0.026314 
22 81 85.5798 0.026225 1.32934 0.077253 
14 155 0.342149 0.005021 0.084905 0.095904 
9 69 0.011957 0.00296 0.024162 0.030864 
24 108 339.137 0.010123 2.76951 0.108976 
1 164 0.000993 0.001478 0.006774 0.014114 
11 109 0.043132 0.004636 0.041917 0.055598 
25 149 682.836 0.009341 5.00518 0.154309 
11 10 0.041351 0.006998 0.022343 0.011065 
18 229 6.52312 0.009495 0.471542 0.257539 
3 127 0.00162 0.002103 0.007013 0.022093 
24 59 327.075 0.353705 2.72859 0.064078 
20 81 21.5451 0.017295 0.664191 0.07267 
22 177 85.0353 0.008084 1.31182 0.160489 
9 91 0.012064 0.004111 0.025666 0.04088 
18 100 5.35585 0.007106 0.308184 0.077554 
3 137 0.001275 0.002205 0.007067 0.023835 
7 225 0.00451 0.003237 0.014196 0.072557 
18 139 5.3005 0.006712 0.312297 0.112329 
9 169 0.012019 0.003971 0.02553 0.069738 
19 63 10.7347 0.013309 0.57202 0.054775 
6 160 0.002624 0.003098 0.009897 0.04564 
22 158 84.7342 0.007422 1.27127 0.143597 
7 168 0.004263 0.002932 0.013961 0.056631 
12 176 0.084701 0.004652 0.04602 0.093387 
4 147 0.001365 0.002254 0.007696 0.030363 
1 131 0.000879 0.001427 0.005842 0.011732 
24 150 339.057 0.00885 2.6861 0.149896 
15 241 0.696998 0.005482 0.134723 0.156528 
15 29 0.656552 0.026765 0.139845 0.025271 
16 42 1.3389 0.028931 0.163595 0.034611 
16 137 1.36772 0.005606 0.157538 0.096224 
2 234 0.000957 0.001883 0.004709 0.027289 
18 64 5.36177 0.01024 0.314027 0.053074 
12 106 0.084379 0.004124 0.04623 0.059645 
21 172 42.5546 0.007711 1.10898 0.148992 
7 216 0.004141 0.002901 0.012736 0.069759 
20 22 19.1355 0.089873 0.247764 0.024371 
11 45 0.043147 0.004519 0.041625 0.026405 
14 133 0.333457 0.004829 0.083325 0.088386 
10 18 0.023825 0.007867 0.02773 0.012609 
23 7 152.262 0.036228 0.056044 0.013675 
8 222 0.006839 0.003377 0.014282 0.079845 
2 170 0.000991 0.001973 0.00453 0.021329 
22 199 85.039 0.00782 1.26967 0.179565 
19 168 10.6568 0.007714 0.553639 0.132082 
3 208 0.001385 0.004549 0.007277 0.03269 
13 15 0.155425 0.012051 0.032426 0.014656 
23 15 152.715 0.061322 0.127156 0.022674 
9 87 0.011986 0.003038 0.023888 0.037166 
24 160 339.22 0.011233 2.74829 0.15802 
20 33 19.4108 0.127439 0.455818 0.033507 
5 96 0.001977 0.002431 0.009599 0.025557 
10 241 0.022473 0.003544 0.028695 0.104211 
21 19 38.3954 0.099164 0.223218 0.023015 
1 100 0.000864 0.001431 0.005835 0.011605 
23 50 166.136 0.167236 2.38968 0.053001 
10 24 0.023389 0.007501 0.028353 0.015155 
4 104 0.001529 0.002187 0.007466 0.0236 
12 199 0.084951 0.004503 0.047519 0.1031 
14 170 0.333809 0.004811 0.083874 0.104682 
20 139 21.2297 0.007911 0.632026 0.116443 
14 27 0.319375 0.022915 0.062147 0.021761 
3 114 0.001185 0.002005 0.006581 0.020384 
14 44 0.346055 0.009686 0.085813 0.031721 
16 57 1.32374 0.006036 0.156479 0.044758 
20 89 21.6415 0.009894 0.634348 0.079741 
15 168 0.695486 0.005737 0.138384 0.109187 
10 89 0.022785 0.003688 0.028187 0.041992 
9 81 0.011943 0.003544 0.023429 0.036084 
3 109 0.001365 0.002327 0.006599 0.021911 
6 79 0.004166 0.003003 0.011529 0.027172 
4 215 0.001433 0.002778 0.007935 0.041768 
23 202 171.534 0.007933 2.36687 0.189487 
7 39 0.004244 0.003417 0.013057 0.017772 
18 222 5.3638 0.0064 0.322368 0.1651 
25 185 678.712 0.009035 5.02489 0.188359 
14 138 0.333228 0.004924 0.081113 0.08681 
12 178 0.084701 0.004066 0.045405 0.09604 
19 33 9.89781 0.144984 0.433625 0.031713 
12 216 0.084625 0.004408 0.045412 0.112443 
14 95 0.332781 0.005788 0.082456 0.062248 
13 169 0.168254 0.005026 0.076677 0.098386 
1 250 0.000915 0.001411 0.005738 0.018219 
23 148 171.239 0.008445 2.33136 0.140429 
2 135 0.001504 0.002021 0.005095 0.01874 
10 21 0.025508 0.004982 0.02654 0.013919 
21 233 42.5633 0.008035 1.14736 0.200492 
3 218 0.001158 0.002329 0.006891 0.033712 
17 219 2.64654 0.006308 0.276369 0.165917 
3 145 0.001374 0.002103 0.007668 0.025087 
4 171 0.00146 0.002136 0.00747 0.034335 
6 62 0.003535 0.002683 0.010503 0.022871 
22 107 85.7457 0.007845 1.29008 0.10363 
5 213 0.001897 0.002759 0.009084 0.054835 
1 41 0.00095 0.001618 0.005842 0.007529 
3 15 0.001173 0.002232 0.007729 0.006034 
14 219 0.357228 0.005146 0.087249 0.132995 
19 127 10.6611 0.00712 0.53686 0.105836 
7 183 0.00416 0.002657 0.013384 0.061416 
2 218 0.001147 0.002023 0.005218 0.025825 
18 132 5.33766 0.006976 0.30866 0.100092 
4 102 0.001483 0.002811 0.007263 0.023574 
24 121 340.673 0.013159 2.66172 0.121651 
2 233 0.001232 0.001872 0.004531 0.027748 
5 121 0.001903 0.002863 0.009443 0.03138 
9 123 0.011885 0.003298 0.027261 0.052368 
11 189 0.043262 0.003688 0.039553 0.091836 
5 106 0.002128 0.002354 0.009267 0.027846 
19 156 10.659 0.006601 0.555647 0.122851 
17 184 2.68035 0.006595 0.274156 0.131171 
19 225 10.6265 0.007375 0.555441 0.175238 
3 121 0.001259 0.002336 0.006726 0.021729 
6 153 0.002693 0.002761 0.010683 0.044429 
4 93 0.001474 0.002502 0.007796 0.021789 
2 43 0.001115 0.002154 0.004673 0.007446 
18 1 4.79391 0.007769 0.005533 0.007321 
7 110 0.004086 0.003466 0.014129 0.038695 
17 100 2.6882 0.006185 0.273932 0.073381 
22 131 84.7461 0.00876 1.27553 0.121391 
8 101 0.007111 0.00364 0.015095 0.040354 
22 93 84.9452 0.009338 1.28933 0.087438 
24 158 342.706 0.008756 2.72221 0.156329 
8 7 0.006887 0.00485 0.009133 0.007164 
21 234 42.5455 0.007181 1.11871 0.199053 
5 20 0.002007 0.003309 0.009303 0.008502 
11 195 0.043288 0.004596 0.040683 0.09617 
20 49 21.271 0.187317 0.622985 0.054794 
17 31 2.70713 0.020123 0.2894 0.036158 
1 174 0.000913 0.00154 0.00569 0.014226 
15 239 0.664873 0.00448 0.135831 0.151251 
2 99 0.001059 0.002046 0.004606 0.01424 
25 185 683.187 0.008935 4.8587 0.188828 
11 196 0.043108 0.004132 0.042048 0.094356 
14 6 0.30227 0.009382 0.013142 0.013086 
12 145 0.08435 0.004635 0.04908 0.077838 
18 122 5.31152 0.007165 0.313229 0.095149 
23 46 159.566 0.208012 2.19347 0.049778 
7 7 0.004024 0.004733 0.007004 0.006737 
10 227 0.022494 0.00358 0.029545 0.099503 
24 20 306.379 0.253962 0.282408 0.028313 
12 99 0.084631 0.003966 0.049764 0.056861 
2 158 0.001303 0.001837 0.004966 0.020005 
4 159 0.001582 0.002482 0.009522 0.032655 
20 3 19.2339 0.010415 0.008257 0.011534 
7 49 0.004075 0.003209 0.014324 0.020929 
9 109 0.014069 0.003884 0.02779 0.044519 
25 180 679.038 0.009068 4.93177 0.184704 
16 176 1.32421 0.006062 0.155438 0.121345 
4 33 0.001494 0.002513 0.007558 0.011567 
14 199 0.332788 0.004622 0.085977 0.122093 
24 196 342.184 0.01094 2.72317 0.1916 
22 115 84.9701 0.008317 1.27829 0.106774 
17 97 2.68953 0.007629 0.275976 0.073634 
2 147 0.001019 0.001893 0.005167 0.018949 
10 152 0.022426 0.003925 0.027465 0.06757 
19 243 10.7031 0.007043 0.562727 0.188179 
20 85 21.6079 0.019203 0.637502 0.07372 
16 176 1.35538 0.006038 0.163945 0.12252 
22 149 84.7361 0.007729 1.2796 0.137125 
24 24 320.357 0.495625 0.67771 0.030904 
1 245 0.0009 0.001394 0.00589 0.017927 
18 10 5.82388 0.016823 0.041456 0.013938 
4 195 0.001504 0.002678 0.007614 0.03852 
15 147 0.664736 0.005417 0.138436 0.096224 
12 166 0.084301 0.004603 0.045763 0.087506 
4 75 0.001523 0.002888 0.007743 0.019261 
5 38 0.001895 0.002983 0.009941 0.013727 
23 47 162.041 0.795515 2.3193 0.050522 
9 128 0.012264 0.003913 0.026873 0.053789 
15 242 0.662615 0.004897 0.141017 0.155043 
12 25 0.087127 0.010222 0.073691 0.018324 
11 33 0.045762 0.007038 0.044275 0.02056 
14 146 0.368408 0.004872 0.081713 0.093553 
20 96 21.2206 0.0086 0.621737 0.082421 
24 56 346.931 0.75492 2.78573 0.062052 
14 30 0.350015 0.019009 0.08367 0.023998 
17 91 2.65318 0.008713 0.282355 0.067341 
4 67 0.001526 0.002549 0.007889 0.018057 
1 115 0.000997 0.001457 0.006133 0.011348 
14 173 0.332913 0.005544 0.080727 0.110521 
5 50 0.00193 0.003058 0.009084 0.016751 
1 142 0.001086 0.001907 0.008574 0.01747 
8 112 0.006822 0.00353 0.014499 0.042486 
9 200 0.011998 0.003545 0.025909 0.078975 
10 161 0.022423 0.003437 0.027957 0.071903 
16 48 1.35058 0.017116 0.160279 0.038617 
2 225 0.001068 0.001843 0.004529 0.026139 
24 111 339.55 0.007572 2.68875 0.11426 
16 143 1.32941 0.008093 0.227513 0.14852 
3 100 0.001404 0.002231 0.006604 0.018477 
15 7 0.596423 0.009415 0.012405 0.013894 
1 88 0.000893 0.001522 0.00582 0.007674 
21 71 43.0216 0.074235 1.12145 0.067607 
5 237 0.002239 0.002958 0.009167 0.057618 
12 94 0.08457 0.004272 0.047344 0.055133 
3 183 0.001338 0.002502 0.006992 0.029922 
12 182 0.084617 0.004613 0.045952 0.09564 
2 225 0.001212 0.00191 0.005422 0.031085 
16 65 1.34868 0.022951 0.166426 0.0493 
20 208 21.2316 0.006725 0.615933 0.173836 
3 99 0.001547 0.002538 0.006801 0.019706 
24 210 339.541 0.008866 2.67428 0.204983 
9 53 0.012094 0.003537 0.026208 0.02501 
9 181 0.017661 0.00505 0.034715 0.112097 
20 53 21.5178 0.073075 0.643627 0.049352 
17 131 2.67223 0.006229 0.27231 0.09774 
10 36 0.022496 0.004835 0.027056 0.020379 
9 219 0.011804 0.00304 0.025807 0.089554 
9 114 0.01195 0.00314 0.023883 0.046994 
9 219 0.012075 0.003475 0.026503 0.086487 
4 207 0.0015 0.002647 0.007408 0.040525 
2 116 0.001133 0.002046 0.004967 0.016397 
25 6 614.661 0.024947 0.02715 0.013351 
3 184 0.001197 0.002167 0.006506 0.029078 
14 232 0.333507 0.005351 0.0839 0.175356 
18 151 5.4584 0.006577 0.316382 0.115713 
11 154 0.043448 0.004325 0.040786 0.074822 
11 154 0.043304 0.004173 0.039983 0.076081 
9 133 0.0121 0.003523 0.026596 0.056399 
23 173 169.474 0.008365 2.38325 0.163066 
5 51 0.001937 0.003071 0.008915 0.016915 
14 161 0.333495 0.005199 0.079071 0.101335 
5 82 0.001874 0.002436 0.010134 0.023347 
11 22 0.044851 0.008848 0.040661 0.015755 
9 28 0.013063 0.007105 0.024134 0.015518 
25 9 629.806 0.045022 0.063112 0.0167 
16 77 1.32712 0.009797 0.163041 0.05744 
18 130 5.34844 0.006419 0.314349 0.098632 
21 7 38.0988 0.015717 0.02623 0.012686 
1 217 0.000951 0.001414 0.008671 0.016471 
11 64 0.043187 0.004316 0.040617 0.035086 
25 56 657.559 1.32183 5.13404 0.063405 
11 247 0.043132 0.003621 0.039901 0.11673 
17 16 2.3982 0.032493 0.044441 0.017264 
3 182 0.001179 0.002284 0.006701 0.030215 
14 222 0.333197 0.004708 0.083815 0.134775 
5 54 0.001877 0.002434 0.009879 0.01744 
7 108 0.003955 0.003328 0.013313 0.037742 
13 69 0.168117 0.005998 0.076213 0.042414 
14 111 0.3655 0.005522 0.081833 0.070206 
18 53 5.42352 0.011558 0.317712 0.04408 
24 159 340.417 0.008853 2.65163 0.15765 
24 156 340.859 0.009148 2.71594 0.154917 
8 86 0.006799 0.003774 0.015447 0.035006 
24 65 339.086 0.806429 2.79738 0.069054 
5 247 0.001875 0.002493 0.00985 0.058171 
16 57 1.34585 0.007546 0.162247 0.045959 
14 132 0.331702 0.004817 0.081915 0.083318 
23 158 170.334 0.008598 2.41978 0.149738 
22 22 77.1357 0.252661 0.438967 0.026882 
7 162 0.00431 0.003084 0.013419 0.054645 
2 82 0.001126 0.001905 0.004573 0.013506 
23 75 170.612 0.107856 2.37353 0.075522 
18 120 5.33799 0.006404 0.310278 0.091402 
4 154 0.001494 0.002163 0.007603 0.031934 
14 12 0.30332 0.013464 0.032913 0.013898 
19 126 10.6496 0.007089 0.55242 0.1029 
14 33 0.348498 0.017382 0.084295 0.025994 
1 1 0.00074 0.001637 0.004913 0.002707 
4 27 0.001416 0.002712 0.007544 0.008536 
25 40 633.568 1.05172 3.45973 0.04801 
12 200 0.084683 0.004966 0.046391 0.104766 
17 209 2.68959 0.008452 0.275087 0.148292 
21 6 38.1952 0.028484 0.027447 0.01188 
3 136 0.00123 0.002561 0.006626 0.023607 
24 34 309.474 0.996241 1.88131 0.039885 
12 106 0.084694 0.00448 0.046456 0.058666 
10 233 0.022443 0.003238 0.030301 0.101154 
9 189 0.011975 0.003727 0.024444 0.076118 
19 28 10.1985 0.185812 0.535422 0.027925 
2 143 0.00103 0.001877 0.004682 0.019388 
15 64 0.668554 0.006713 0.132454 0.046938 
13 148 0.167641 0.004632 0.072899 0.084864 
16 113 1.32793 0.005086 0.154304 0.079393 
4 122 0.001501 0.002314 0.007637 0.026895 
2 48 0.001032 0.00193 0.00458 0.008057 
21 148 42.384 0.007346 1.13559 0.134419 
3 215 0.001278 0.00232 0.007029 0.033802 
23 138 169.935 0.010362 2.52962 0.131417 
18 96 5.31817 0.007522 0.316219 0.075728 
12 152 0.084687 0.003876 0.047655 0.079626 
9 227 0.01203 0.003134 0.024075 0.091596 
14 139 0.44017 0.005765 0.104231 0.090431 
22 82 85.074 0.014031 1.27882 0.078423 
7 93 0.00417 0.002704 0.012952 0.033436 
5 136 0.001828 0.002677 0.008672 0.037155 
18 137 5.32957 0.00741 0.32879 0.106128 
21 218 42.6051 0.007474 1.1236 0.187075 
6 141 0.002655 0.00265 0.010353 0.062862 
4 84 0.001513 0.00273 0.007375 0.020852 
2 170 0.00111 0.002081 0.00462 0.020584 
13 216 0.168971 0.004886 0.076128 0.14365 
2 200 0.001017 0.001835 0.00504 0.027697 
6 151 0.002592 0.002406 0.009722 0.044975 
25 189 691.498 0.008563 5.13637 0.196598 
23 66 171.995 0.043105 2.44034 0.068078 
3 135 0.001317 0.002573 0.006741 0.024608 
6 75 0.002596 0.002718 0.009852 0.024994 
10 247 0.022436 0.003893 0.027929 0.11271 
8 173 0.006783 0.003731 0.01506 0.068005 
18 123 5.33016 0.006963 0.321593 0.094515 
23 212 170.612 0.007924 2.37131 0.203812 
22 58 90.2686 0.463649 1.3357 0.057807 
12 83 0.084667 0.004561 0.045802 0.046832 
23 151 169.565 0.008803 2.38219 0.145692 
25 167 678.943 0.009143 5.03346 0.17253 
4 114 0.001595 0.002644 0.007598 0.025802 
25 169 678.737 0.00948 5.16556 0.174161 
5 33 0.001935 0.002822 0.010413 0.013385 
16 220 1.32776 0.00544 0.15699 0.149114 
1 159 0.000871 0.001336 0.006147 0.013178 
20 101 21.3231 0.008033 0.611648 0.086566 
18 108 5.35612 0.007058 0.314032 0.09196 
1 81 0.000906 0.001414 0.006194 0.007297 
7 174 0.004263 0.00339 0.012984 0.06171 
14 241 0.338122 0.004447 0.084958 0.144912 
23 69 171.199 0.070225 2.45444 0.070576 
16 64 1.34937 0.010175 0.159651 0.048587 
6 69 0.003694 0.00396 0.014381 0.037941 
21 161 42.5345 0.007104 1.13454 0.139836 
4 191 0.001579 0.002843 0.007493 0.037824 
12 78 0.084796 0.004305 0.046538 0.043428 
19 156 10.633 0.007197 0.570342 0.144724 
11 190 0.04327 0.004567 0.040693 0.094427 
10 223 0.022455 0.004062 0.028998 0.099212 
4 222 0.001419 0.002551 0.007548 0.042966 
22 133 85.3798 0.007906 1.30979 0.122493 
3 227 0.001111 0.002778 0.00649 0.035114 
1 174 0.000889 0.001458 0.005943 0.01412 
7 175 0.003971 0.002998 0.013701 0.057353 
1 138 0.0009 0.001387 0.006101 0.012422 
19 52 10.7269 0.022649 0.54905 0.046626 
23 57 169.351 0.07956 2.37271 0.059346 
14 66 0.333127 0.004822 0.079084 0.044734 
5 19 0.001939 0.002965 0.009265 0.008223 
6 125 0.002591 0.003061 0.009845 0.037296 
25 14 611.092 0.107923 0.271482 0.022236 
7 88 0.004016 0.003304 0.013021 0.032885 
14 22 0.344684 0.017936 0.064687 0.019813 
10 67 0.022463 0.003728 0.02682 0.033769 
9 28 0.012907 0.004529 0.02527 0.015442 
16 70 1.32728 0.006635 0.158694 0.054608 
9 65 0.012192 0.003628 0.026008 0.029591 
11 69 0.043302 0.004368 0.041899 0.036332 
13 214 0.167757 0.004384 0.072367 0.119894 
14 4 0.299103 0.006157 0.009799 0.0094 
19 12 9.56575 0.033476 0.088253 0.015733 
8 77 0.006532 0.003044 0.014776 0.034569 
11 139 0.045744 0.003945 0.041263 0.068886 
9 191 0.012075 0.003566 0.026507 0.075898 
25 201 691.541 0.009035 5.08578 0.205603 
7 227 0.004002 0.003138 0.013055 0.072136 
7 179 0.004082 0.00344 0.013231 0.067706 
12 6 0.076838 0.006903 0.010323 0.011453 
20 240 22.2022 0.009735 0.937232 0.29702 
9 163 0.012004 0.003991 0.025919 0.097923 
2 119 0.001109 0.002252 0.005172 0.017306 
12 89 0.084504 0.004164 0.04564 0.051313 
2 53 0.003479 0.001966 0.004638 0.008378 
8 208 0.006732 0.003168 0.018906 0.074015 
8 115 0.00677 0.003253 0.014942 0.044004 
12 52 0.086498 0.005637 0.047182 0.031516 
1 98 0.000937 0.00146 0.006174 0.008247 
24 194 340.451 0.009507 2.76112 0.196983 
17 212 2.69121 0.006814 0.270081 0.150206 
10 197 0.022359 0.004337 0.02735 0.087594 
19 173 10.6413 0.006621 0.543526 0.143649 
16 219 1.32885 0.005514 0.150929 0.148402 
14 214 0.34003 0.005155 0.083072 0.16309 
15 217 0.664879 0.004569 0.144035 0.13861 
18 89 5.30048 0.008039 0.301242 0.070193 
6 150 0.0026 0.002794 0.010412 0.043049 
8 183 0.006701 0.002745 0.014384 0.067097 
23 158 183.636 0.008181 2.368 0.152952 
2 25 0.001011 0.001893 0.006555 0.005952 
17 101 2.68042 0.006274 0.267745 0.074247 
4 66 0.001587 0.002788 0.008311 0.017377 
4 195 0.001848 0.002526 0.007891 0.038704 
24 46 323.752 1.72491 2.6932 0.051136 
10 151 0.022608 0.003341 0.030002 0.068289 
24 238 339.406 0.009349 2.67124 0.231871 
12 146 0.084397 0.00411 0.08008 0.079118 
17 244 2.69744 0.006876 0.254854 0.172054 
13 166 0.167697 0.005058 0.073885 0.099291 
13 190 0.167041 0.004498 0.07337 0.110386 
17 26 2.49412 0.039776 0.214735 0.024475 
8 225 0.006735 0.003308 0.014208 0.081921 
12 91 0.084672 0.004466 0.047493 0.053207 
17 154 2.68123 0.007045 0.271816 0.112389 
3 75 0.001236 0.002386 0.00698 0.0172 
23 4 152.601 0.012702 0.016418 0.011261 
3 21 0.001248 0.002229 0.006769 0.006635 
18 83 5.31275 0.008374 0.315723 0.065519 
7 42 0.004073 0.003623 0.013601 0.018605 
16 12 1.2077 0.017284 0.069721 0.015786 
3 137 0.001121 0.002266 0.007008 0.023778 
14 150 0.332158 0.005038 0.082754 0.100521 
7 81 0.00431 0.003213 0.013652 0.030297 
6 10 0.002837 0.004359 0.009088 0.007288 
16 137 1.32881 0.005509 0.161495 0.096669 
16 27 1.37064 0.039297 0.143142 0.025488 
11 69 0.043051 0.006569 0.040578 0.036658 
7 27 0.004185 0.003401 0.012992 0.014904 
7 13 0.004572 0.004831 0.013456 0.007997 
14 198 0.360467 0.004217 0.085293 0.123592 
22 48 81.8093 0.177124 1.31244 0.049611 
15 190 0.663014 0.004993 0.139882 0.122768 
23 78 172.844 0.156983 2.39937 0.078116 
20 74 21.5134 0.060638 0.644855 0.065493 
1 191 0.000783 0.001405 0.005671 0.014957 
23 113 169.531 0.008886 2.35034 0.109936 
11 60 0.042969 0.003692 0.041733 0.033239 
10 177 0.022346 0.003694 0.02806 0.077141 
16 199 1.33499 0.005797 0.161273 0.139073 
5 112 0.001795 0.002619 0.009549 0.03152 
9 140 0.012097 0.003849 0.023649 0.057893 
5 172 0.001984 0.002451 0.009843 0.04155 
16 200 1.36991 0.005341 0.159305 0.137117 
24 125 340.895 0.008717 2.67732 0.125745 
9 23 0.013435 0.005737 0.025907 0.014472 
20 140 21.3098 0.007014 0.618527 0.117716 
14 113 0.332564 0.005264 0.083763 0.100316 
2 202 0.001043 0.002052 0.005678 0.031174 
19 245 10.6362 0.007137 0.553692 0.189688 
11 39 0.044289 0.004758 0.040024 0.023365 
2 161 0.001057 0.001948 0.004638 0.020066 
7 238 0.006491 0.002668 0.013699 0.075402 
23 74 170.625 0.118974 2.38082 0.075105 
5 165 0.001902 0.002586 0.00966 0.039929 
5 7 0.001879 0.003002 0.005633 0.00601 
11 63 0.043338 0.004239 0.042103 0.033627 
16 109 1.32905 0.005365 0.156885 0.080033 
13 48 0.172893 0.008941 0.076433 0.03187 
25 197 677.835 0.008013 5.00924 0.19885 
15 101 0.664864 0.004538 0.138247 0.067225 
11 214 0.042963 0.004397 0.041509 0.102878 
10 71 0.022385 0.003606 0.027759 0.034263 
2 183 0.001124 0.001777 0.004848 0.022771 
24 184 345.583 0.008577 2.63355 0.181579 
12 165 0.084968 0.004396 0.046291 0.086786 
2 133 0.001121 0.001992 0.004698 0.017425 
21 195 42.8035 0.008015 1.1237 0.178043 
19 234 10.6682 0.00727 0.557951 0.181313 
16 48 1.37245 0.010189 0.162145 0.039311 
15 249 0.664698 0.004908 0.142584 0.157838 
3 131 0.001498 0.002304 0.006891 0.022896 
4 69 0.001446 0.002467 0.007204 0.017785 
8 152 0.006612 0.003432 0.015574 0.057945 
10 233 0.022477 0.003967 0.026142 0.101687 
2 35 0.000943 0.001767 0.00679 0.006688 
22 149 85.0672 0.008379 1.27594 0.137777 
15 122 0.66585 0.005505 0.14313 0.083147 
21 84 42.9428 0.064957 1.15267 0.077439 
16 120 1.35102 0.006488 0.157482 0.085391 
4 188 0.001518 0.002482 0.008095 0.037679 
2 11 0.000999 0.00203 0.00462 0.004501 
12 237 0.084326 0.003765 0.046395 0.129408 
8 45 0.006885 0.003939 0.014583 0.021695 
22 197 85.1148 0.011202 1.26053 0.180583 
3 55 0.001134 0.00207 0.006699 0.0152 
9 39 0.012546 0.00466 0.025253 0.019917 
16 52 1.33123 0.006739 0.157552 0.041533 
7 204 0.003989 0.002657 0.013726 0.071061 
16 138 1.32453 0.005537 0.155593 0.098727 
13 161 0.167214 0.004809 0.076235 0.092717 
20 201 21.3008 0.007064 0.628575 0.164369 
16 200 1.35961 0.006057 0.160821 0.137685 
13 78 0.167409 0.004237 0.072464 0.048253 
10 107 0.022853 0.003786 0.028637 0.05012 
23 111 169.551 0.011135 2.40911 0.110988 
13 149 0.168506 0.004282 0.0722 0.085299 
21 57 42.9063 0.094843 1.16824 0.055379 
11 139 0.043417 0.004382 0.040567 0.06822 
8 186 0.00701 0.003 0.01514 0.068158 
20 68 21.2987 0.025331 0.644012 0.06059 
22 140 84.9582 0.007891 1.27425 0.128417 
13 159 0.167072 0.004791 0.076384 0.09221 
1 11 0.00078 0.001398 0.005741 0.004928 
11 215 0.043353 0.004075 0.042622 0.103725 
22 29 79.2522 0.291078 0.767538 0.033945 
12 122 0.084432 0.003765 0.047167 0.066525 
14 6 0.299824 0.008063 0.011924 0.012319 
5 191 0.001799 0.002845 0.009245 0.045854 
7 227 0.003982 0.002902 0.014027 0.077895 
5 103 0.001814 0.00252 0.008656 0.02842 
5 152 0.001821 0.002169 0.008857 0.0393 
18 225 5.33719 0.00704 0.314934 0.167411 
14 100 0.33226 0.004449 0.081659 0.067477 
14 237 0.333634 0.005279 0.080992 0.141801 
19 160 10.7194 0.007388 0.553406 0.126006 
23 83 170.76 0.095891 2.39512 0.084926 
25 9 617.009 0.070753 0.071449 0.017459 
1 171 0.000938 0.001345 0.005792 0.013817 
16 234 1.32785 0.00498 0.155843 0.157865 
20 38 20.6435 0.230078 0.603846 0.037768 
9 230 0.012013 0.004077 0.025251 0.093719 
2 139 0.001004 0.001943 0.004783 0.017891 
11 96 0.043109 0.00396 0.042352 0.048376 
5 94 0.001926 0.002675 0.008984 0.026033 
1 170 0.000975 0.001501 0.006611 0.014245 
3 76 0.001055 0.00269 0.006741 0.015663 
17 208 2.65487 0.006142 0.264226 0.146464 
8 237 0.006586 0.003072 0.014783 0.086084 
21 238 42.5948 0.008179 1.14471 0.204019 
19 4 14.794 0.020668 0.023314 0.012839 
3 92 0.001261 0.002379 0.00642 0.017721 
17 206 2.72821 0.006728 0.272973 0.146357 
6 22 0.002835 0.004036 0.010913 0.011725 
17 13 2.43599 0.047451 0.067768 0.016029 
6 23 0.002611 0.00377 0.011016 0.012223 
16 84 1.35143 0.005096 0.15459 0.064101 
11 198 0.043267 0.004007 0.044795 0.095078 
12 171 0.084853 0.004632 0.045315 0.097965 
5 44 0.001881 0.002333 0.009314 0.015058 
20 227 21.2435 0.007631 0.627277 0.186854 
21 193 42.8615 0.00749 1.11594 0.174024 
21 55 43.4661 0.031281 1.15955 0.053079 
14 82 0.332692 0.005325 0.082259 0.054335 
3 237 0.001199 0.002061 0.006709 0.036821 
13 175 0.196706 0.00445 0.072972 0.101047 
16 15 1.19481 0.015527 0.053313 0.017664 
22 217 85.2012 0.007625 1.30665 0.193488 
2 37 0.001077 0.001826 0.005148 0.008383 
17 196 2.69948 0.00641 0.269374 0.138741 
9 97 0.01193 0.003249 0.025337 0.041205 
6 48 0.002427 0.003098 0.01037 0.019578 
24 184 339.309 0.008617 2.71741 0.181782 
23 25 153.134 0.101865 0.944537 0.031056 
23 89 172.029 0.019432 2.38801 0.089473 
25 181 691.305 0.009264 5.0761 0.185504 
13 63 0.167227 0.00451 0.071415 0.040709 
11 184 0.043741 0.004195 0.041616 0.090872 
17 238 2.69227 0.006926 0.281088 0.167847 
1 141 0.001091 0.001906 0.008813 0.014357 
7 123 0.003973 0.002732 0.013251 0.043716 
18 70 5.34313 0.013465 0.323341 0.057484 
16 18 1.20704 0.020966 0.070017 0.020165 
5 4 0.001858 0.003242 0.004838 0.004532 
10 34 0.023935 0.004377 0.027199 0.019462 
17 86 2.68326 0.00665 0.274375 0.065891 
23 142 170.316 0.008328 2.45023 0.135526 
17 128 2.68081 0.006561 0.284646 0.09701 
25 70 676.289 0.274641 5.06525 0.076771 
9 163 0.01184 0.00332 0.023556 0.109727 
20 132 21.2287 0.007242 0.621708 0.111746 
24 212 339.663 0.008606 2.61685 0.207223 
7 35 0.003939 0.003846 0.012879 0.016921 
11 84 0.043158 0.00428 0.042653 0.042789 
2 182 0.001002 0.001995 0.004571 0.02173 
4 14 0.001758 0.003488 0.006351 0.008451 
1 138 0.000867 0.001365 0.006147 0.014805 
12 243 0.084465 0.004226 0.04768 0.165455 
10 63 0.022304 0.003269 0.028404 0.031584 
21 72 42.7081 0.023255 1.14836 0.066961 
20 166 21.2037 0.009006 0.618431 0.138812 
22 29 78.0327 0.275377 1.1452 0.033275 
17 189 2.68474 0.007399 0.270665 0.134595 
1 45 0.000829 0.001294 0.005963 0.005429 
12 139 0.084765 0.003767 0.047202 0.073472 
12 184 0.084335 0.004307 0.046262 0.103707 
24 132 340.238 0.008895 2.67228 0.132541 
16 225 1.35911 0.005976 0.163473 0.156131 
13 57 0.16927 0.00554 0.072252 0.036874 
19 188 10.7257 0.007542 0.556048 0.146976 
15 109 0.665132 0.005249 0.138409 0.071829 
20 238 21.2589 0.007426 0.617609 0.193803 
11 175 0.043125 0.004522 0.04262 0.084508 
23 218 170.494 0.007971 2.35391 0.203363 
12 234 0.084591 0.004259 0.045928 0.127201 
14 64 0.337678 0.00823 0.085326 0.043175 
3 93 0.001359 0.002725 0.006694 0.017382 
18 157 5.34205 0.006858 0.303238 0.118875 
21 81 43.0995 0.017155 1.16047 0.074662 
19 250 10.6961 0.007397 0.569027 0.192986 
5 109 0.001866 0.002611 0.00974 0.028845 
12 60 0.084524 0.004374 0.046747 0.035088 
20 215 21.3045 0.007366 0.613246 0.175062 
24 236 342.003 0.008186 2.81101 0.229092 
5 69 0.00207 0.002734 0.010158 0.020434 
25 215 683.524 0.008788 5.0525 0.218079 
12 172 0.084482 0.003874 0.044699 0.092057 
8 233 0.006721 0.003559 0.01563 0.0889 
5 46 0.002052 0.002753 0.009615 0.017134 
21 31 38.6174 0.185363 0.718541 0.033409 
25 200 680.514 0.008831 5.03993 0.203837 
21 160 42.3978 0.007703 1.11965 0.139498 
12 163 0.084494 0.00394 0.04523 0.085325 
14 13 0.30246 0.013738 0.026518 0.014248 
6 33 0.002842 0.003847 0.010967 0.014861 
24 176 339.711 0.00836 2.70073 0.172711 
18 141 5.34414 0.006958 0.310967 0.110684 
2 84 0.000886 0.002025 0.004649 0.013353 
22 204 84.8957 0.008502 1.32079 0.182344 
14 232 0.338257 0.004649 0.081935 0.139682 
19 64 10.8899 0.018743 0.554829 0.055897 
5 191 0.001934 0.00307 0.009491 0.045452 
9 105 0.012622 0.003482 0.026842 0.043874 
4 155 0.001454 0.002681 0.007639 0.032596 
23 145 170.309 0.008853 2.354 0.137929 
1 21 0.000864 0.001399 0.005658 0.00517 
8 207 0.006796 0.003686 0.01453 0.075753 
24 37 316.67 2.02525 2.25523 0.043821 
1 18 0.000829 0.001394 0.006284 0.004064 
17 6 2.41765 0.01892 0.0241 0.011171 
7 21 0.004516 0.00377 0.013628 0.012874 
22 44 87.0173 0.205322 1.33808 0.046566 
24 218 345.524 0.008263 2.65264 0.216513 
8 231 0.006992 0.003344 0.014676 0.083012 
19 46 10.4991 0.036767 0.52895 0.042068 
13 196 0.167516 0.004126 0.072267 0.117098 
14 53 0.367451 0.007175 0.082614 0.036364 
16 208 1.36179 0.005076 0.159792 0.141779 
20 196 21.4155 0.007617 0.644991 0.162759 
24 166 339.936 0.007891 2.75772 0.163712 
1 24 0.00082 0.001507 0.006418 0.004523 
18 129 6.19291 0.007016 0.325584 0.099898 
5 57 0.001968 0.002707 0.009038 0.018343 
14 88 0.333638 0.004915 0.084248 0.059168 
5 139 0.001983 0.002848 0.010052 0.062724 
3 39 0.001157 0.001892 0.007202 0.009269 
11 210 0.04323 0.003844 0.037879 0.100977 
17 158 2.65412 0.006865 0.275565 0.112535 
5 84 0.001722 0.002773 0.009606 0.023451 
16 204 1.37702 0.005154 0.158039 0.139391 
7 161 0.004161 0.003009 0.013346 0.053812 
17 120 2.65376 0.006934 0.279281 0.087271 
5 242 0.004244 0.002159 0.009758 0.057371 
9 42 0.012564 0.004532 0.026026 0.021252 
19 118 10.6574 0.006785 0.563205 0.095212 
5 230 0.00191 0.002801 0.009906 0.058043 
12 36 0.08851 0.007988 0.04636 0.024979 
17 30 2.51732 0.050977 0.231372 0.028029 
14 243 0.332179 0.004565 0.081312 0.145732 
10 200 0.022463 0.003958 0.030154 0.08938 
22 210 84.897 0.009675 1.28894 0.188892 
12 30 0.08753 0.005956 0.046136 0.021481 
13 29 0.275326 0.022796 0.113151 0.032805 
25 5 610.259 0.024833 0.021405 0.012265 
14 93 0.332417 0.005248 0.083951 0.060947 
24 59 347.998 0.344952 2.76857 0.06397 
20 16 19.0925 0.058282 0.089994 0.019841 
2 197 0.000996 0.00203 0.004802 0.023687 
6 155 0.002551 0.003062 0.009959 0.044603 
1 16 0.000938 0.001365 0.005873 0.003915 
21 58 42.9581 0.096176 1.15868 0.056369 
24 35 306.099 0.473697 1.23747 0.040909 
19 83 10.6899 0.010052 0.532893 0.069111 
1 186 0.001112 0.001347 0.005744 0.014451 
7 133 0.004024 0.005238 0.013316 0.047276 
5 152 0.001761 0.002657 0.009722 0.037158 
6 162 0.002492 0.003269 0.010838 0.046369 
25 166 682.126 0.009451 5.0364 0.170219 
16 229 1.32925 0.00495 0.154579 0.15522 
14 52 0.340047 0.006196 0.086143 0.036284 
5 22 0.002038 0.002848 0.009823 0.010946 
14 18 0.30876 0.031263 0.045189 0.017477 
6 34 0.002542 0.003016 0.00967 0.016261 
4 177 0.001542 0.002613 0.007705 0.037589 
20 98 21.2854 0.007988 0.640449 0.085238 
4 224 0.0015 0.002728 0.00729 0.043412 
15 167 0.663069 0.005332 0.139748 0.10838 
15 131 0.664551 0.004944 0.134316 0.087885 
23 197 194.261 0.008471 2.36125 0.184006 
25 174 686.64 0.008173 5.09421 0.177571 
15 52 0.679233 0.009129 0.143766 0.038436 
20 134 21.4005 0.00765 0.642373 0.111866 
17 241 2.67814 0.006016 0.277976 0.172774 
9 178 0.012057 0.003532 0.02514 0.071367 
15 142 0.665099 0.005407 0.14372 0.093326 
11 131 0.042983 0.004196 0.04283 0.06602 
25 249 681.451 0.009064 5.00098 0.250942 
18 117 5.31407 0.006238 0.2983 0.089516 
2 236 0.000992 0.002092 0.004653 0.026956 
3 113 0.001283 0.002152 0.006603 0.021027 
17 42 2.65471 0.046896 0.264444 0.034595 
22 130 84.9134 0.007993 1.27091 0.132889 
11 78 0.04316 0.005977 0.041038 0.04041 
11 32 0.073915 0.006859 0.06592 0.032282 
5 29 0.001808 0.002562 0.008937 0.012101 
22 142 85.0924 0.008496 1.28648 0.13119 
13 119 0.167737 0.004527 0.07507 0.071462 
13 118 0.16716 0.004237 0.071711 0.069466 
6 211 0.002679 0.002811 0.010548 0.092811 
23 227 169.434 0.007834 2.35818 0.213153 
18 157 5.32951 0.006433 0.322277 0.121044 
11 245 0.04367 0.004244 0.03949 0.116042 
22 159 84.9032 0.008013 1.29978 0.146841 
22 34 77.8432 0.433948 0.804174 0.036719 
7 56 0.004069 0.003241 0.013639 0.023082 
2 64 0.001054 0.001839 0.004951 0.011576 
17 36 2.549 0.054555 0.247272 0.031178 
15 28 0.646731 0.015559 0.118273 0.024077 
19 58 10.7828 0.024493 0.582282 0.051142 
10 83 0.022299 0.003811 0.028419 0.040563 
16 68 1.33181 0.012911 0.161233 0.051191 
22 213 84.7574 0.007804 1.29417 0.192534 
20 227 21.2905 0.007725 0.623931 0.18484 
17 168 2.69975 0.006051 0.273615 0.123382 
1 122 0.000791 0.001425 0.00566 0.011002 
25 60 668.401 0.595268 4.95477 0.067496 
16 157 1.35582 0.005272 0.155649 0.108841 
25 231 678.27 0.009181 5.02663 0.239551 
2 25 0.00091 0.002037 0.004852 0.005709 
17 82 2.67091 0.008793 0.26722 0.063437 
15 136 0.696419 0.004724 0.13961 0.090617 
25 39 620.914 0.660188 4.14227 0.047065 
25 56 689.251 0.401149 5.05125 0.062894 
12 94 0.08498 0.004335 0.047153 0.052799 
9 181 0.012026 0.003781 0.025165 0.072535 
20 46 21.2599 0.029084 0.622449 0.045863 
15 92 0.663058 0.004534 0.13869 0.062371 
11 44 0.04427 0.00499 0.042949 0.025331 
9 222 0.011903 0.003484 0.026123 0.089698 
9 88 0.012294 0.003007 0.025621 0.038031 
10 81 0.022758 0.003607 0.029193 0.038569 
17 97 2.68423 0.006878 0.261079 0.074436 
14 169 0.333524 0.004928 0.083183 0.104112 
13 12 0.153603 0.011554 0.027693 0.013847 
19 62 10.8706 0.033469 0.570957 0.053168 
5 196 0.001903 0.002903 0.009527 0.048491 
13 143 0.167221 0.005099 0.074128 0.08178 
17 168 2.65344 0.006548 0.258475 0.118363 
21 166 42.7741 0.007643 1.11966 0.147095 
11 98 0.043215 0.004001 0.042161 0.051124 
3 113 0.001438 0.002409 0.006686 0.020873 
8 188 0.00695 0.003488 0.014851 0.072065 
20 203 21.2289 0.007351 0.643879 0.16762 
2 242 0.001152 0.001892 0.005201 0.027855 
18 112 5.29838 0.006456 0.313074 0.088064 
9 1 0.010828 0.004443 0.003155 0.004989 
12 244 0.085203 0.00536 0.047401 0.126279 
3 35 0.001447 0.002781 0.007099 0.00839 
9 204 0.012105 0.003243 0.025233 0.082974 
14 160 0.333573 0.005296 0.083789 0.098497 
10 124 0.022408 0.003835 0.028068 0.058966 
22 62 86.4184 0.327469 1.3278 0.06138 
2 180 0.001239 0.001861 0.005361 0.023477 
17 6 2.37621 0.010788 0.01041 0.012492 
12 95 0.084499 0.004088 0.045411 0.058765 
12 193 0.084692 0.004445 0.046637 0.101532 
23 194 189.748 0.008388 2.39416 0.186548 
8 228 0.006812 0.003707 0.014125 0.083416 
14 24 0.310074 0.018181 0.058862 0.021118 
14 141 0.331991 0.004906 0.081699 0.089447 
14 11 0.310972 0.020877 0.043098 0.016163 
15 216 0.691228 0.007905 0.136532 0.14413 
18 233 5.32531 0.006819 0.311352 0.173862 
24 179 340.594 0.007831 2.73826 0.175589 
16 249 1.32426 0.004489 0.154987 0.170223 
16 16 1.22337 0.039588 0.061152 0.018468 
24 209 339.499 0.008544 2.71826 0.212343 
22 192 84.9017 0.008419 1.28566 0.172348 
4 54 0.00158 0.002478 0.007527 0.018382 
4 25 0.001566 0.002795 0.00751 0.008378 
1 97 0.00087 0.001377 0.006456 0.008281 
13 194 0.167714 0.004737 0.073459 0.110004 
14 240 0.37168 0.004561 0.082657 0.144542 
23 64 172.906 0.097963 2.37617 0.065322 
16 167 1.36171 0.005141 0.164475 0.165186 
17 146 2.68087 0.007279 0.271667 0.10577 
21 26 38.2042 0.186898 0.350196 0.028692 
9 62 0.012112 0.003645 0.024236 0.028066 
25 112 678.58 0.012676 5.02701 0.117104 
24 225 341.703 0.008199 2.70953 0.219683 
1 72 0.000986 0.001428 0.00576 0.006854 
4 97 0.001564 0.002571 0.007181 0.022172 
24 92 340.006 0.010029 2.72282 0.094666 
12 113 0.084515 0.006912 0.046526 0.06212 
9 47 0.012095 0.004299 0.025535 0.023626 
21 14 38.1818 0.200801 0.123387 0.019016 
24 145 338.882 0.008922 2.61414 0.144829 
17 60 2.67849 0.013387 0.280677 0.062745 
16 26 1.28377 0.028212 0.132866 0.024998 
16 162 1.32874 0.005312 0.159835 0.112524 
8 112 0.006698 0.003196 0.014579 0.0433 
21 240 42.6655 0.00728 1.12469 0.204509 
14 223 0.333206 0.005241 0.084838 0.134039 
5 149 0.001886 0.003002 0.009917 0.037636 
5 205 0.001802 0.002907 0.008875 0.05022 
16 115 1.33688 0.005077 0.160214 0.081026 
22 201 85.1858 0.007692 1.37206 0.180443 
15 164 0.668645 0.005578 0.144662 0.106084 
17 198 2.65417 0.007053 0.271836 0.14 
10 61 0.022521 0.003821 0.028949 0.030234 
10 183 0.022395 0.003772 0.028105 0.080293 
8 94 0.006698 0.003419 0.014566 0.038062 
11 190 0.043249 0.004146 0.040475 0.09159 
20 49 21.33 0.036521 0.640509 0.045803 
8 39 0.006767 0.003346 0.046083 0.020896 
2 228 0.00101 0.002061 0.004596 0.026077 
16 189 1.32679 0.005568 0.186284 0.129848 
2 182 0.001055 0.002078 0.00456 0.021798 
13 165 0.167719 0.00462 0.073415 0.096767 
4 108 0.001456 0.002033 0.00743 0.025207 
15 173 0.664534 0.004485 0.138169 0.112149 
20 17 19.4665 0.104604 0.178269 0.021197 
8 195 0.006611 0.00275 0.015446 0.07086 
2 208 0.001177 0.002029 0.00501 0.02499 
11 32 0.046371 0.007882 0.039099 0.019828 
22 77 86.1411 0.035423 1.31472 0.074336 
4 199 0.001444 0.002691 0.007581 0.038987 
17 184 2.69509 0.006458 0.27517 0.131551 
7 77 0.004017 0.003313 0.013644 0.029095 
24 153 338.863 0.008226 2.69072 0.155595 
23 197 171.126 0.009176 2.37571 0.190745 
17 84 2.71133 0.00996 0.273763 0.063866 
5 213 0.00211 0.002918 0.010278 0.051499 
10 75 0.022727 0.003658 0.028807 0.035386 
1 15 0.000833 0.001329 0.005726 0.00383 
13 80 0.167067 0.005257 0.076 0.047594 
21 162 42.3952 0.00799 1.14789 0.141272 
19 9 9.52658 0.016524 0.023598 0.013586 
6 124 0.002668 0.003127 0.010289 0.037007 
11 160 0.043814 0.004062 0.041683 0.0793 
24 141 341.935 0.009083 2.70563 0.139732 
14 228 0.333297 0.004831 0.083233 0.136937 
8 190 0.006839 0.003268 0.015833 0.069764 
9 71 0.012474 0.003838 0.025931 0.031775 
19 152 10.7686 0.006805 0.548706 0.122275 
6 235 0.003749 0.002701 0.013464 0.066562 
11 168 0.043333 0.003895 0.043814 0.080785 
24 14 304.859 0.084226 0.132419 0.021311 
16 211 1.36517 0.005956 0.156631 0.144586 
19 222 10.6801 0.006931 0.542284 0.172315 
23 20 165.269 0.176805 0.478188 0.025887 
20 17 19.3811 0.079699 0.120258 0.020694 
6 208 0.002459 0.002812 0.009606 0.061963 
24 137 339.259 0.008498 2.70511 0.140631 
18 34 5.16964 0.047911 0.311776 0.031263 
22 172 84.9766 0.007843 1.29355 0.155755 
19 221 10.7015 0.006634 0.558592 0.170868 
2 34 0.00097 0.002085 0.004563 0.006679 
15 111 0.694217 0.005112 0.138953 0.07367 
22 157 84.8059 0.007734 1.26149 0.143654 
20 80 21.4361 0.010078 0.639979 0.071451 
11 185 0.043178 0.004499 0.040458 0.089443 
18 140 5.34931 0.006938 0.315147 0.107722 
5 116 0.001835 0.002923 0.009604 0.029984 
3 108 0.001359 0.002185 0.006621 0.020086 
13 169 0.167416 0.004955 0.074403 0.099045 
22 3 76.1477 0.01007 0.009076 0.012323 
1 86 0.000896 0.001547 0.006263 0.007518 
16 203 1.3561 0.005338 0.164007 0.140214 
16 204 1.35789 0.006138 0.158972 0.141917 
14 131 0.333302 0.005256 0.082987 0.081334 
11 220 0.043224 0.004338 0.041035 0.104737 
6 109 0.002747 0.002621 0.010446 0.033543 
1 212 0.000899 0.001247 0.005938 0.016281 
12 244 0.084548 0.00413 0.045086 0.163967 
5 53 0.001943 0.003034 0.009447 0.018113 
20 17 19.1568 0.039692 0.177935 0.020449 
14 102 0.333437 0.004261 0.087156 0.067753 
3 181 0.001296 0.002512 0.006721 0.029656 
2 164 0.001052 0.001964 0.004868 0.022822 
13 91 0.166946 0.004505 0.074062 0.056792 
13 53 0.169383 0.006419 0.074332 0.034262 
20 58 21.5998 0.0201 0.641107 0.052684 
7 168 0.004208 0.002958 0.01379 0.05662 
6 154 0.002767 0.0029 0.010246 0.044167 
8 41 0.006636 0.003289 0.013879 0.020311 
9 90 0.018351 0.005466 0.038617 0.059623 
8 161 0.006714 0.003195 0.016257 0.06405 
12 13 0.079628 0.011373 0.028107 0.012753 
1 51 0.000912 0.001395 0.006171 0.005811 
7 47 0.004106 0.003399 0.013759 0.020821 
16 181 1.36104 0.005882 0.153471 0.124479 
10 20 0.022877 0.007417 0.025455 0.013586 
4 103 0.001432 0.002564 0.007677 0.024224 
12 79 0.084335 0.004111 0.076212 0.045017 
19 139 10.8119 0.007076 0.548555 0.112723 
16 47 1.39016 0.01265 0.162206 0.038066 
4 162 0.001402 0.002313 0.007882 0.033378 
15 121 0.670061 0.00552 0.138513 0.078941 
20 108 21.2092 0.007714 0.624055 0.093146 
12 49 0.087536 0.006237 0.049522 0.029806 
17 36 2.58985 0.057054 0.276449 0.031772 
18 55 5.42447 0.01365 0.310552 0.045879 
5 176 0.001897 0.002283 0.009748 0.043475 
21 67 42.5577 0.062386 1.15659 0.062701 
24 91 341.15 0.062546 2.71823 0.093257 
5 246 0.001768 0.002823 0.008744 0.06252 
19 204 10.6344 0.007001 0.53744 0.173164 
10 9 0.021264 0.007127 0.011266 0.011711 
15 124 0.664853 0.005547 0.142386 0.08242 
11 132 0.075285 0.003933 0.040114 0.065801 
8 4 0.00657 0.004039 0.005743 0.006457 
19 63 10.6907 0.015368 0.571009 0.054058 
13 75 0.167283 0.0046 0.075971 0.047206 
9 245 0.011896 0.00324 0.026512 0.097338 
19 203 10.6626 0.007069 0.541854 0.157889 
19 158 10.6203 0.006954 0.543343 0.125802 
1 200 0.000968 0.001475 0.006563 0.016256 
15 1 0.63133 0.006712 0.003546 0.00841 
21 104 42.5329 0.009094 1.12858 0.095653 
21 101 42.5108 0.008707 1.14944 0.091214 
22 41 79.7159 0.687304 1.17851 0.043457 
24 72 344.068 0.068965 2.73481 0.077851 
18 177 5.3344 0.006592 0.3163 0.134742 
10 138 0.022443 0.003801 0.028701 0.062601 
13 145 0.16752 0.004209 0.070818 0.083208 
18 201 5.35263 0.007638 0.324945 0.154179 
2 19 0.001003 0.001981 0.004625 0.005332 
6 51 0.002648 0.003051 0.010219 0.019006 
11 167 0.043492 0.003858 0.041296 0.083549 
25 209 681.406 0.009361 4.87947 0.211951 
9 113 0.012004 0.00381 0.02473 0.047324 
1 176 0.0011 0.001383 0.006022 0.014594 
16 218 1.32471 0.005729 0.161956 0.149371 
7 201 0.003977 0.003234 0.012795 0.065469 
7 242 0.00394 0.003164 0.012952 0.082691 
16 177 1.32388 0.00613 0.160231 0.124539 
18 17 4.84888 0.05691 0.117951 0.018902 
22 217 85.0915 0.007876 1.28986 0.197729 
24 234 361.115 0.008635 2.67482 0.235463 
3 153 0.001227 0.002521 0.006435 0.026479 
5 98 0.001822 0.002409 0.009482 0.026975 
12 67 0.084614 0.004585 0.048044 0.038026 
12 38 0.088607 0.005835 0.046016 0.024466 
21 112 42.5416 0.008264 1.15669 0.099295 
22 115 85.0794 0.007952 1.31051 0.109109 
18 101 5.35134 0.006337 0.308875 0.078504 
1 239 0.000829 0.00152 0.005907 0.017597 
1 42 0.000882 0.001419 0.005895 0.005258 
3 188 0.001197 0.00241 0.006783 0.029753 
3 242 0.001345 0.002094 0.007012 0.039022 
22 125 84.7477 0.007707 1.27641 0.115552 
16 135 1.32878 0.005797 0.155633 0.094429 
2 193 0.001031 0.002115 0.00458 0.023018 
13 223 0.16761 0.007117 0.074028 0.12383 
16 237 1.32675 0.005959 0.152803 0.161184 
2 178 0.001051 0.001897 0.004897 0.022197 
15 41 0.686525 0.011414 0.145183 0.032488 
18 29 4.99129 0.089956 0.272571 0.027515 
9 215 0.015277 0.005257 0.056331 0.088382 
1 67 0.000777 0.001493 0.005964 0.006696 
24 112 339.839 0.010369 2.6892 0.113344 
21 143 42.4098 0.007135 1.14108 0.125232 
8 143 0.006889 0.005553 0.014849 0.054855 
4 6 0.001456 0.003244 0.007482 0.005009 
19 155 10.6601 0.006772 0.559988 0.122507 
19 119 10.6497 0.007155 0.539807 0.097311 
5 88 0.001892 0.003087 0.010467 0.025895 
18 132 5.33789 0.007286 0.2993 0.101697 
11 84 0.042879 0.003712 0.040455 0.043725 
17 150 2.71517 0.006165 0.272509 0.106843 
24 121 341.006 0.008576 2.67032 0.121714 
13 87 0.167808 0.004899 0.071228 0.053695 
5 171 0.001848 0.034865 0.010298 0.041954 
8 187 0.006803 0.003472 0.014171 0.070706 
4 158 0.00178 0.002233 0.007643 0.033906 
25 31 612.063 1.34864 1.23131 0.039297 
5 101 0.00179 0.002428 0.00899 0.027576 
15 97 0.662735 0.005546 0.139982 0.06663 
8 76 0.006987 0.003698 0.015559 0.032914 
24 143 339.055 0.011512 2.66789 0.148475 
23 1 154.559 0.010128 0.006156 0.008384 
3 194 0.001208 0.002023 0.006938 0.031903 
20 122 21.2267 0.006905 0.638259 0.103264 
23 235 176.389 0.008485 2.37784 0.2257 
15 94 0.662845 0.005378 0.143761 0.063145 
1 175 0.000915 0.001459 0.005939 0.014362 
15 246 0.663201 0.004899 0.139623 0.156158 
1 165 0.000924 0.001436 0.005912 0.013422 
4 79 0.001575 0.002551 0.007216 0.020072 
20 133 21.4543 0.007182 0.618625 0.112097 
1 87 0.000943 0.001518 0.005817 0.007763 
4 199 0.001433 0.002619 0.007486 0.040173 
20 101 21.2888 0.008397 0.61993 0.087982 
1 225 0.000862 0.001454 0.005711 0.016842 
17 121 2.65488 0.006271 0.273606 0.097349 
20 32 19.4166 0.232248 0.463033 0.032625 
14 172 0.332132 0.00496 0.080567 0.11156 
19 238 10.6444 0.007436 0.541167 0.185781 
4 128 0.001456 0.00277 0.00782 0.030395 
20 224 21.2445 0.006915 0.631013 0.1852 
21 209 42.5257 0.007258 1.11463 0.179412 
10 161 0.022446 0.004109 0.028672 0.076131 
24 67 344.204 0.27184 2.7681 0.070917 
5 164 0.001881 0.002671 0.009679 0.04093 
3 46 0.001075 0.002296 0.0088 0.011486 
5 54 0.001811 0.002422 0.011654 0.017508 
22 220 104.895 0.008252 1.28807 0.196956 
6 90 0.002334 0.002845 0.010985 0.02887 
10 189 0.022747 0.003982 0.024205 0.084038 
7 225 0.003984 0.003091 0.013038 0.072516 
20 167 21.3924 0.007691 0.624267 0.139365 
22 88 85.3499 0.022058 1.31327 0.082735 
23 240 170.122 0.008224 2.43416 0.226418 
10 185 0.022483 0.003843 0.028453 0.081576 
2 40 0.001114 0.001919 0.004532 0.007099 
14 137 0.332635 0.004594 0.081808 0.087658 
17 238 2.67832 0.006282 0.267911 0.16855 
1 120 0.000938 0.001382 0.005714 0.01102 
2 98 0.001028 0.002014 0.004639 0.01445 
8 180 0.006613 0.003033 0.014845 0.068615 
2 250 0.000938 0.001939 0.004689 0.028446 
23 192 169.473 0.008822 2.40542 0.181476 
25 217 678.88 0.008764 4.94189 0.219481 
8 233 0.006697 0.003799 0.014429 0.083018 
12 26 0.083293 0.009429 0.042861 0.01908 
13 210 0.167786 0.004029 0.075442 0.122241 
14 183 0.333595 0.005181 0.087467 0.11114 
25 238 679.66 0.008644 4.94059 0.239635 
20 23 19.3194 0.191336 0.272425 0.02609 
22 219 85.3701 0.007818 1.29206 0.195394 
2 57 0.001014 0.001986 0.006777 0.008731 
11 244 0.043014 0.004402 0.040758 0.115589 
25 168 678.763 0.008815 4.95203 0.172202 
19 233 13.4098 0.011908 0.801423 0.289043 
20 75 21.5466 0.031639 0.642347 0.066481 
16 187 1.32454 0.005137 0.15724 0.131691 
1 127 0.000769 0.001467 0.00569 0.011774 
11 224 0.043107 0.003805 0.039489 0.106536 
2 220 0.001405 0.002016 0.005154 0.025559 
24 150 346.124 0.008268 2.68974 0.149484 
14 13 0.306839 0.018055 0.042526 0.014304 
22 148 84.9469 0.007903 1.26961 0.13512 
18 15 4.82645 0.045237 0.088657 0.017291 
11 5 0.039484 0.006028 0.011379 0.007824 
7 149 0.004057 0.003197 0.012793 0.04907 
18 174 5.29732 0.006747 0.302913 0.135441 
21 98 42.401 0.007725 1.1105 0.09016 
15 31 0.675541 0.01658 0.142132 0.026848 
16 109 1.32486 0.004962 0.154096 0.078119 
8 240 0.006592 0.003288 0.0165 0.093956 
13 10 0.152054 0.011 0.018299 0.011922 
6 121 0.002614 0.00319 0.01048 0.037441 
18 234 5.35265 0.00708 0.313219 0.175169 
14 162 0.333294 0.005168 0.080595 0.099962 
19 232 10.662 0.009582 0.554247 0.180339 
4 11 0.001551 0.00242 0.007516 0.006178 
6 67 0.002597 0.003042 0.010098 0.023288 
8 89 0.006646 0.003142 0.015214 0.037033 
25 139 682.963 0.010843 4.91318 0.143113 
8 47 0.006698 0.003414 0.016983 0.022483 
22 147 84.97 0.008605 1.30354 0.134561 
19 61 10.7398 0.051545 0.568215 0.052619 
25 99 683.222 0.054467 5.08969 0.10565 
9 4 0.011528 0.00569 0.009051 0.006843 
8 158 0.00647 0.003442 0.015274 0.059839 
7 45 0.003957 0.003444 0.012076 0.019112 
9 243 0.011999 0.003804 0.025403 0.102262 
17 118 2.65261 0.005822 0.27067 0.087323 
24 140 339.554 0.009026 2.64809 0.13994 
17 115 2.65107 0.006196 0.300286 0.083686 
12 141 0.085082 0.004303 0.047136 0.076214 
2 58 0.001116 0.001853 0.004885 0.008886 
23 72 173.04 0.090387 2.41757 0.073891 
1 101 0.000882 0.001389 0.005779 0.010188 
3 18 0.00141 0.002538 0.006847 0.006531 
12 14 0.080302 0.01103 0.028326 0.013198 
14 42 0.371366 0.008525 0.086621 0.031097 
24 91 340.399 0.020991 2.79093 0.093518 
7 118 0.004044 0.003282 0.013324 0.041297 
1 148 0.000782 0.001439 0.005808 0.01256 
16 248 1.36316 0.005314 0.159015 0.16768 
1 213 0.00107 0.001451 0.006429 0.016356 
16 105 1.32866 0.005814 0.159281 0.076756 
19 142 10.6412 0.007379 0.551939 0.113685 
14 43 0.338403 0.007887 0.082578 0.031427 
4 61 0.00127 0.002631 0.007572 0.016436 
5 73 0.001761 0.002453 0.009857 0.0212 
5 186 0.001888 0.002863 0.009163 0.04511 
4 71 0.001471 0.004208 0.007311 0.017961 
19 35 10.9989 0.079859 0.690506 0.051778 
6 208 0.002454 0.003477 0.010641 0.05905 
17 146 2.69798 0.006528 0.276556 0.111035 
10 55 0.022368 0.004791 0.029357 0.028257 
14 15 0.30752 0.014337 0.038138 0.015889 
3 245 0.001224 0.002639 0.006397 0.037609 
3 176 0.001256 0.002072 0.03444 0.031588 
13 198 0.17518 0.00467 0.071982 0.111061 
14 67 0.3339 0.00484 0.08701 0.0447 
12 187 0.08452 0.004501 0.045771 0.10341 
13 111 0.167845 0.004589 0.075513 0.066418 
24 61 340.591 0.58959 2.73176 0.065579 
19 189 10.8861 0.007033 0.538874 0.148569 
11 149 0.043537 0.003599 0.042156 0.072502 
15 110 0.664598 0.004636 0.133717 0.073408 
10 59 0.022395 0.004341 0.029131 0.029463 
8 57 0.00655 0.003293 0.014519 0.025321 
1 24 0.000906 0.001356 0.005612 0.004396 
7 104 0.004064 0.003324 0.014012 0.048797 
18 160 5.36739 0.006686 0.311975 0.120424 
15 246 0.694697 0.005095 0.138757 0.215506 
11 75 0.043008 0.004038 0.041055 0.038808 
5 84 0.001819 0.002752 0.009613 0.024781 
10 123 0.022486 0.00405 0.028345 0.057532 
7 178 0.003968 0.003087 0.013174 0.05884 
16 226 1.3297 0.005052 0.159134 0.157304 
23 46 160.471 1.38339 2.30377 0.050053 
8 83 0.006654 0.002959 0.014182 0.034487 
9 98 0.011906 0.003095 0.023478 0.040977 
3 111 0.001334 0.002285 0.007667 0.02067 
12 24 0.082267 0.023057 0.044067 0.018091 
4 41 0.001501 0.002506 0.007552 0.01263 
24 200 341.792 0.008954 2.69677 0.194747 
1 226 0.000893 0.001457 0.005987 0.017147 
2 73 0.001089 0.001933 0.004751 0.012303 
25 79 683.604 0.038364 5.09013 0.085496 
12 26 0.087966 0.009116 0.045926 0.019287 
9 125 0.012285 0.004318 0.026317 0.053097 
12 66 0.084636 0.004135 0.047772 0.038812 
2 81 0.001394 0.002014 0.005035 0.013506 
12 25 0.082996 0.013387 0.044496 0.018938 
17 216 2.68687 0.00632 0.269274 0.152252 
11 249 0.043282 0.004064 0.041232 0.117764 
21 185 42.6369 0.006535 1.13032 0.159813 
11 73 0.043059 0.004494 0.041168 0.039911 
21 124 42.3813 0.007537 1.14487 0.110067 
4 249 0.001536 0.002586 0.007297 0.049449 
18 146 5.39959 0.006761 0.313303 0.112461 
14 151 0.335575 0.005108 0.084527 0.093325 
9 158 0.011949 0.003499 0.023791 0.063835 
17 180 2.6826 0.006694 0.277927 0.128512 
14 8 0.302721 0.009491 0.022588 0.011505 
24 24 306.999 0.4862 0.652293 0.031305 
23 170 170.197 0.008338 2.40196 0.161494 
21 16 38.1532 0.082576 0.185861 0.020288 
22 50 84.0856 0.272567 1.31728 0.051036 
10 132 0.022818 0.003902 0.028654 0.063703 
6 191 0.002595 0.002699 0.010269 0.055243 
10 231 0.022548 0.004022 0.029778 0.100823 
8 191 0.006748 0.003552 0.014863 0.070363 
2 15 0.00109 0.001876 0.004408 0.004838 
5 118 0.00175 0.003147 0.009776 0.031844 
24 133 340.244 0.008831 2.70165 0.132545 
4 213 0.00137 0.002218 0.007277 0.041609 
1 230 0.0007 0.001376 0.005848 0.01689 
23 15 156.935 0.091626 0.209503 0.021247 
3 81 0.003153 0.002189 0.006489 0.016276 
13 207 0.167725 0.004798 0.078115 0.116741 
5 116 0.001983 0.002805 0.010201 0.030937 
1 21 0.000787 0.001495 0.006092 0.004266 
22 190 85.4775 0.00743 1.30364 0.176973 
18 157 5.38842 0.006664 0.305211 0.118212 
11 29 0.045474 0.00626 0.04246 0.018918 
2 201 0.001086 0.002002 0.004663 0.023829 
14 156 0.332053 0.005284 0.083924 0.096323 
18 116 5.32762 0.00688 0.32791 0.089167 
18 114 5.33346 0.006939 0.312751 0.090739 
20 236 21.3123 0.006991 0.630406 0.192839 
15 159 0.666419 0.005405 0.137219 0.106102 
2 68 0.001077 0.002027 0.004634 0.011616 
8 2 0.006247 0.004091 0.005684 0.005199 
25 213 679.947 0.008775 5.05265 0.214868 
4 222 0.001507 0.002063 0.007778 0.043566 
4 192 0.001581 0.002495 0.007611 0.038802 
18 47 5.41423 0.014213 0.307475 0.040767 
4 149 0.001441 0.002872 0.007355 0.031078 
9 124 0.012041 0.003721 0.024908 0.052164 
13 94 0.167558 0.004642 0.07312 0.056706 
6 195 0.002686 0.002938 0.009572 0.055877 
1 61 0.000946 0.001569 0.006136 0.006205 
20 201 22.7705 0.007828 0.626737 0.164331 
22 98 85.0269 0.009422 1.29797 0.091942 
5 200 0.001908 0.002737 0.01032 0.048436 
18 223 5.3367 0.007197 0.310282 0.166117 
6 8 0.002561 0.003566 0.008589 0.006357 
3 113 0.001813 0.003306 0.010034 0.030488 
22 208 84.9475 0.008206 1.27507 0.187713 
18 78 5.37585 0.008981 0.308558 0.061768 
17 102 2.65377 0.006161 0.283796 0.077248 
9 199 0.011807 0.00287 0.025302 0.084954 
9 112 0.011979 0.00374 0.024859 0.046936 
7 33 0.004359 0.003809 0.012474 0.016451 
12 39 0.088771 0.006863 0.048011 0.025699 
18 228 5.31886 0.006819 0.314661 0.202294 
25 60 718.909 1.47483 8.95534 0.067596 
19 153 10.632 0.007583 0.55566 0.124045 
5 242 0.00187 0.00257 0.012018 0.057411 
24 134 341.22 0.008904 2.70497 0.13354 
16 236 1.32811 0.00526 0.161164 0.159456 
1 206 0.000951 0.001453 0.005839 0.016272 
16 161 1.3248 0.005856 0.159817 0.110966 
6 54 0.002756 0.003085 0.00999 0.020177 
3 78 0.001097 0.002158 0.00653 0.016057 
11 169 0.0434 0.004286 0.042675 0.081807 
8 88 0.006513 0.00333 0.016442 0.036 
1 63 0.000818 0.001565 0.005898 0.006606 
7 150 0.004195 0.003426 0.012933 0.051366 
19 126 10.646 0.007315 0.559313 0.101466 
17 168 2.65508 0.006874 0.269699 0.119597 
4 131 0.001569 0.002564 0.007386 0.027334 
4 165 0.001443 0.002453 0.007439 0.034227 
22 200 84.9656 0.008087 1.31062 0.183505 
9 89 0.011835 0.004179 0.025087 0.038379 
12 115 0.084631 0.004186 0.044109 0.065383 
25 234 689.494 0.00929 4.98337 0.23767 
17 233 2.68366 0.006661 0.274253 0.176193 
11 81 0.043045 0.004179 0.038905 0.042979 
13 188 0.167396 0.004736 0.074655 0.106798 
22 69 92.357 0.064937 1.33972 0.067741 
7 100 0.005205 0.003996 0.018178 0.049854 
20 146 21.9104 0.007851 0.647757 0.145693 
10 169 0.022474 0.004287 0.029337 0.077589 
16 103 1.34416 0.006325 0.156225 0.075416 
21 104 43.2656 0.009864 1.14341 0.093571 
6 206 0.002665 0.003191 0.010581 0.06204 
17 36 2.85729 0.026964 0.370763 0.044442 
12 14 0.081492 0.009236 0.037621 0.013202 
20 183 21.384 0.015018 0.69512 0.156094 
24 188 340.35 0.009001 2.67828 0.189685 
6 241 0.003316 0.005285 0.014317 0.090099 
24 63 359.124 0.18384 2.74023 0.067527 
24 181 341.257 0.008733 2.67863 0.178387 
17 199 2.86283 0.013137 0.289519 0.144956 
6 135 0.002673 0.003171 0.037081 0.040184 
25 4 611.056 0.018058 0.026414 0.011596 
1 125 0.000842 0.001277 0.005887 0.011313 
23 8 158.492 0.032309 0.055424 0.014215 
20 170 21.7176 0.02834 0.669597 0.150514 
10 132 0.02307 0.00377 0.030179 0.060579 
20 51 21.3969 0.22561 0.707129 0.051836 
21 128 42.6404 0.007975 1.11728 0.112399 
4 181 0.00152 0.002265 0.008065 0.0372 
7 97 0.005584 0.003501 0.017869 0.048875 
20 142 22.5611 0.007786 0.640663 0.118507 
7 114 0.00415 0.002766 0.013356 0.040639 
19 125 11.3362 0.007286 0.534118 0.100291 
21 33 41.4968 0.355002 0.808848 0.035001 
20 6 20.0059 0.022067 0.026132 0.012208 
10 159 0.022379 0.003687 0.027857 0.070711 
11 45 0.045826 0.008246 0.047236 0.030903 
11 221 0.043497 0.004066 0.041514 0.106251 
23 78 178.669 0.023192 2.39254 0.078494 
12 222 0.085141 0.003911 0.047127 0.117367 
21 108 44.0757 0.009037 1.19669 0.099669 
18 133 5.38119 0.008975 0.345861 0.110303 
15 34 0.697519 0.009314 0.137992 0.028083 
16 52 1.345 0.033042 0.221675 0.06163 
5 97 0.001887 0.002586 0.009303 0.026352 
22 235 84.7601 0.008731 1.28477 0.211874 
14 159 0.333796 0.006621 0.083417 0.098616 
15 149 0.664968 0.005923 0.140526 0.097624 
6 148 0.002754 0.002976 0.010565 0.042992 
5 39 0.001823 0.002593 0.009785 0.014359 
19 34 10.2569 0.149427 0.533282 0.032727 
25 70 695.499 0.241777 5.12025 0.077672 
17 217 2.64562 0.006774 0.275392 0.153945 
1 174 0.000868 0.001374 0.005837 0.01519 
9 175 0.012042 0.003583 0.026563 0.07078 
18 225 5.3128 0.006944 0.307114 0.169039 
21 220 42.4882 0.007379 1.13498 0.19316 
23 115 169.935 0.007993 2.40104 0.111302 
10 245 0.022359 0.004039 0.028413 0.109561 
2 84 0.001055 0.001975 0.004563 0.012945 
2 170 0.001019 0.001913 0.005145 0.021452 
16 95 1.33122 0.005899 0.157256 0.068154 
6 190 0.002555 0.003051 0.010144 0.055312 
14 239 0.332496 0.004585 0.080661 0.146194 
1 135 0.001031 0.001507 0.006249 0.012436 
21 168 42.4143 0.007315 1.13191 0.147764 
2 87 0.001082 0.002047 0.004691 0.013549 
9 138 0.011892 0.003674 0.026474 0.057365 
11 8 0.040246 0.006748 0.012192 0.011575 
6 158 0.002619 0.002685 0.010193 0.045873 
23 74 172.8 0.117458 2.36572 0.07453 
6 107 0.002615 0.002883 0.009468 0.032822 
11 166 0.043016 0.003818 0.039455 0.082759 
24 106 340.803 0.0128 2.70256 0.107762 
11 205 0.043161 0.004649 0.043446 0.09873 
11 66 0.043545 0.004569 0.044071 0.035079 
23 191 170.678 0.007507 2.45239 0.17975 
25 122 681.702 0.009666 4.92013 0.127373 
19 86 10.6348 0.0094 0.548868 0.072788 
4 142 0.001403 0.002391 0.007479 0.030481 
2 191 0.001188 0.001943 0.004603 0.023072 
11 132 0.043055 0.003865 0.042834 0.069477 
2 59 0.000995 0.002306 0.005181 0.00915 
23 214 169.949 0.007592 2.36596 0.200691 
15 61 0.698274 0.006322 0.133901 0.044326 
1 147 0.000807 0.001416 0.005781 0.012817 
8 15 0.007428 0.005048 0.013867 0.012228 
5 21 0.001977 0.003423 0.009978 0.010493 
16 127 1.36784 0.005035 0.155708 0.090939 
1 59 0.000824 0.001432 0.00597 0.006665 
8 170 0.006602 0.003459 0.014368 0.064424 
16 64 1.356 0.008762 0.160891 0.048508 
8 34 0.007199 0.003858 0.015322 0.018191 
22 20 77.8035 0.098944 0.210951 0.02486 
6 132 0.002819 0.002823 0.010657 0.040179 
21 246 42.4514 0.007372 1.14022 0.208346 
10 238 0.022427 0.00404 0.02914 0.103725 
10 161 0.02235 0.004091 0.028337 0.071265 
16 79 1.3647 0.006594 0.162259 0.05904 
14 6 0.30092 0.010392 0.048467 0.010461 
2 38 0.001068 0.002118 0.004837 0.006971 
20 90 21.2942 0.008901 0.614039 0.077517 
11 7 0.040011 0.005527 0.010488 0.011964 
8 30 0.006958 0.004496 0.01527 0.017297 
6 115 0.002626 0.00284 0.00974 0.034877 
16 49 1.3414 0.080986 0.165588 0.040171 
20 187 21.2158 0.007069 0.629428 0.154277 
2 13 0.001352 0.002013 0.004897 0.004912 
20 175 21.2589 0.007286 0.624272 0.146987 
22 176 84.7226 0.007667 1.31343 0.159513 
14 27 0.325351 0.017415 0.082026 0.023052 
14 57 0.334824 0.006642 0.082963 0.038905 
3 173 0.001328 0.002021 0.006663 0.028998 
19 178 10.657 0.00735 0.556584 0.141558 
25 3 608.831 0.02438 0.027396 0.010626 
25 154 682.035 0.009491 5.09627 0.158824 
14 172 0.333444 0.004491 0.082458 0.106208 
23 35 158.481 0.842524 2.25748 0.039285 
14 79 0.333235 0.004509 0.083086 0.052879 
9 63 0.011999 0.003173 0.024413 0.029583 
11 219 0.043413 0.004074 0.041813 0.104557 
6 136 0.002604 0.002462 0.009673 0.040313 
4 197 0.001692 0.0025 0.007295 0.039023 
10 69 0.022332 0.004257 0.029793 0.033568 
19 74 10.6606 0.009112 0.548885 0.062524 
7 191 0.003946 0.003234 0.013864 0.062636 
24 194 341.773 0.008755 2.72043 0.190521 
11 245 0.043264 0.00381 0.041387 0.116768 
16 26 1.22337 0.049579 0.120572 0.02473 
15 105 0.662956 0.005606 0.13646 0.071942 
10 218 0.02258 0.003229 0.028941 0.096135 
23 152 169.973 0.008669 2.35416 0.148429 
17 241 2.67796 0.007011 0.281035 0.17067 
19 56 10.6791 0.072289 0.549235 0.048971 
6 250 0.002537 0.003016 0.00954 0.069073 
1 16 0.000862 0.001378 0.006554 0.003798 
24 73 342.784 0.049805 2.73586 0.076816 
6 136 0.002666 0.002846 0.011514 0.040596 
24 53 325.817 1.92378 2.66318 0.058292 
2 110 0.000995 0.00191 0.004594 0.01547 
3 146 0.001168 0.002572 0.006557 0.024876 
1 21 0.000862 0.001372 0.006362 0.004385 
23 112 169.975 0.009299 2.33245 0.108802 
12 6 0.077494 0.007631 0.01163 0.011535 
13 146 0.167174 0.004627 0.074748 0.084156 
19 32 9.71851 0.164681 0.285103 0.031533 
5 213 0.001746 0.002708 0.010173 0.051566 
8 80 0.006525 0.003303 0.014521 0.033104 
15 7 0.598738 0.007705 0.018512 0.011476 
7 34 0.004112 0.003027 0.012724 0.016006 
23 97 270.389 0.011133 2.36985 0.095218 
12 168 0.084394 0.004888 0.048337 0.087725 
17 191 2.68634 0.006369 0.277562 0.138 
3 125 0.00126 0.002136 0.007173 0.022295 
21 88 42.5396 0.021207 1.12707 0.080691 
20 10 19.0448 0.031555 0.042063 0.014593 
5 74 0.001899 0.002978 0.008851 0.020987 
5 32 0.001818 0.002998 0.008797 0.01274 
7 93 0.004152 0.003502 0.014501 0.035114 
6 20 0.002936 0.004037 0.009908 0.011028 
3 108 0.001105 0.002684 0.006642 0.019569 
16 111 1.3275 0.004831 0.16399 0.078648 
2 125 0.001239 0.001888 0.004992 0.017575 
9 163 0.011904 0.003266 0.025898 0.069909 
10 72 0.022657 0.003683 0.029152 0.034303 
19 70 10.7264 0.021584 0.561075 0.059521 
7 143 0.004038 0.003038 0.01379 0.047532 
12 38 0.089065 0.013446 0.047883 0.025293 
12 110 0.08517 0.004793 0.04488 0.060566 
20 146 23.0794 0.010929 0.7096 0.123301 
3 30 0.001178 0.002354 0.006896 0.008027 
24 153 340.263 0.008961 2.70008 0.15257 
13 88 0.168203 0.004186 0.076489 0.054215 
14 68 0.333346 0.004787 0.086174 0.046407 
19 27 9.82378 0.166601 0.437276 0.02774 
23 152 170.968 0.008061 2.38321 0.144871 
11 199 0.043467 0.004291 0.042861 0.098092 
11 148 0.043033 0.004275 0.040907 0.072002 
22 51 85.6722 0.08888 1.33312 0.051914 
23 128 169.939 0.008276 2.33314 0.122815 
16 209 1.32387 0.005013 0.159387 0.142121 
18 215 5.31462 0.006661 0.306866 0.15874 
9 125 0.012193 0.00372 0.023744 0.052479 
10 224 0.022351 0.003775 0.027192 0.097388 
6 184 0.002606 0.002813 0.01131 0.057411 
17 250 2.68328 0.006735 0.272839 0.178109 
11 83 0.043145 0.004525 0.041214 0.042586 
18 72 5.37822 0.008548 0.314867 0.058493 
14 201 0.333931 0.004762 0.08468 0.122939 
12 224 0.084661 0.004408 0.047058 0.154322 
17 108 2.67767 0.006387 0.273296 0.082134 
18 109 5.31667 0.00673 0.307001 0.08604 
11 43 0.045314 0.007525 0.042345 0.025701 
2 169 0.001015 0.001972 0.004909 0.02087 
13 245 0.167785 0.004571 0.077713 0.138 
12 32 0.088321 0.007988 0.048565 0.022335 
3 11 0.001168 0.002974 0.006644 0.005159 
21 111 42.5959 0.008423 1.12997 0.098873 
16 9 1.20241 0.018683 0.037416 0.013933 
7 225 0.003948 0.003162 0.012826 0.07184 
18 226 5.35323 0.006366 0.307611 0.168429 
20 183 21.3089 0.008122 0.635467 0.15015 
5 221 0.001886 0.002635 0.009434 0.053527 
21 141 42.7915 0.008039 1.11569 0.126144 
18 233 5.31454 0.007393 0.311783 0.172968 
10 223 0.022319 0.003319 0.028959 0.097817 
9 41 0.012519 0.004379 0.023831 0.020526 
10 238 0.022255 0.003865 0.026073 0.104857 
2 43 0.000998 0.00198 0.004869 0.007483 
22 46 79.4717 0.565091 1.10134 0.047745 
13 32 0.173726 0.017904 0.073311 0.023741 
5 118 0.001904 0.002336 0.008753 0.030389 
3 116 0.001277 0.002757 0.006898 0.021176 
5 221 0.001947 0.002546 0.009418 0.053548 
18 76 5.34605 0.008791 0.297828 0.060917 
19 230 10.6506 0.007135 0.563331 0.18128 
3 37 0.00133 0.002371 0.006676 0.0085 
21 222 42.5267 0.007772 1.11162 0.189769 
19 230 10.6541 0.007095 0.553399 0.181411 
11 6 0.071021 0.009706 0.014457 0.010887 
1 187 0.000791 0.001498 0.005729 0.01467 
4 104 0.001295 0.002089 0.007574 0.024579 
7 138 0.004051 0.003009 0.013929 0.04808 
1 66 0.000909 0.001496 0.006174 0.006475 
8 115 0.006789 0.003222 0.015149 0.044949 
16 194 1.32536 0.005861 0.158999 0.140219 
1 66 0.000826 0.001661 0.006161 0.006754 
25 87 687.962 0.050207 5.1688 0.093137 
2 49 0.001092 0.002085 0.004704 0.008138 
6 217 0.002803 0.003202 0.009968 0.061263 
13 182 0.167453 0.004556 0.075147 0.105214 
5 192 0.001945 0.002897 0.010112 0.046657 
20 65 21.5462 0.05199 0.648933 0.057961 
9 202 0.012075 0.003142 0.025523 0.079444 
21 98 42.5685 0.008706 1.13865 0.090951 
1 58 0.000854 0.001465 0.006404 0.006142 
20 236 21.2752 0.007078 0.636745 0.191919 
11 229 0.043284 0.004309 0.040823 0.109504 
22 201 86.126 0.008133 1.28379 0.180474 
1 246 0.000849 0.001393 0.005943 0.017785 
11 31 0.045254 0.00725 0.041777 0.020068 
3 3 0.001245 0.00261 0.003953 0.003535 
8 36 0.006995 0.00426 0.015627 0.019045 
12 87 0.085145 0.00427 0.049819 0.047946 
7 211 0.004107 0.003403 0.012735 0.068369 
16 175 1.36827 0.006034 0.155194 0.119784 
12 229 0.084618 0.00443 0.047341 0.128107 
25 70 686.123 0.657934 5.23152 0.076437 
23 213 169.425 0.008576 2.33902 0.202609 
18 165 5.33684 0.006768 0.306498 0.125208 
24 105 340.633 0.010142 2.73285 0.106939 
25 142 680.71 0.008822 5.04224 0.146913 
19 236 10.6326 0.007295 0.545458 0.184844 
6 194 0.002674 0.002632 0.010422 0.055474 
13 38 0.172951 0.006515 0.077306 0.026918 
11 71 0.043163 0.003565 0.040235 0.037899 
23 211 173.583 0.008206 2.37083 0.197557 
15 68 0.664062 0.006242 0.136412 0.048703 
17 157 2.68209 0.006153 0.271656 0.112078 
10 209 0.022309 0.003309 0.028951 0.091497 
3 245 0.001312 0.002054 0.006831 0.036963 
3 40 0.001219 0.002599 0.007204 0.009209 
20 242 21.281 0.00731 0.642702 0.196796 
10 207 0.022179 0.004175 0.029537 0.092809 
8 232 0.00677 0.0032 0.014596 0.082261 
22 8 76.1323 0.029871 0.051712 0.014589 
16 61 1.32422 0.005751 0.152678 0.047438 
12 211 0.084852 0.004651 0.047918 0.111566 
19 65 10.6812 0.011906 0.565286 0.055559 
17 187 2.64587 0.005791 0.274311 0.142632 
17 170 2.67409 0.006779 0.271898 0.12277 
12 216 0.084891 0.004132 0.045733 0.118276 
5 209 0.00197 0.002879 0.009788 0.051178 
14 217 0.337979 0.004742 0.087056 0.131134 
20 146 21.3546 0.006823 0.619164 0.121505 
17 41 2.67466 0.015042 0.257558 0.034163 
3 147 0.001221 0.002138 0.006495 0.025223 
4 102 0.001605 0.002761 0.007534 0.025255 
6 245 0.002464 0.002939 0.010599 0.068278 
12 161 0.084605 0.004476 0.044481 0.08888 
4 231 0.001414 0.00239 0.007673 0.046837 
13 80 0.167232 0.005261 0.07499 0.049352 
17 215 2.67798 0.00611 0.28202 0.151054 
20 90 21.5349 0.014468 0.656794 0.077774 
6 77 0.002595 0.003284 0.010271 0.025239 
21 19 38.3121 0.156482 0.419934 0.023354 
24 112 339.556 0.013181 2.68871 0.113899 
5 73 0.001972 0.002591 0.009701 0.021947 
8 28 0.007151 0.004179 0.014361 0.016254 
11 166 0.04316 0.003951 0.038442 0.080315 
12 67 0.084127 0.004401 0.046615 0.038834 
11 132 0.043329 0.003889 0.043406 0.066055 
14 190 0.332097 0.005324 0.081806 0.114988 
1 165 0.000899 0.001412 0.00589 0.013696 
25 18 609.283 0.181567 0.579302 0.025798 
20 186 21.2744 0.007 0.621991 0.152431 
9 43 0.012784 0.005386 0.02508 0.021088 
10 80 0.022414 0.003619 0.02807 0.040219 
8 65 0.006641 0.003632 0.015559 0.02904 
12 169 0.085079 0.004367 0.0487 0.097371 
24 169 338.923 0.009172 2.69538 0.172455 
2 168 0.001146 0.001941 0.005154 0.021262 
16 80 1.32389 0.005316 0.156059 0.058322 
5 44 0.001995 0.002263 0.010036 0.014849 
4 86 0.00148 0.002644 0.00725 0.020388 
17 191 2.65511 0.006357 0.278884 0.138238 
16 144 2.02779 0.006989 0.249922 0.15205 
24 76 340.486 0.053752 2.68937 0.079835 
16 12 1.22473 0.015274 0.032546 0.015655 
6 86 0.002498 0.002646 0.010605 0.028349 
10 213 0.022687 0.003957 0.02741 0.112664 
25 246 685.421 0.008908 4.95493 0.24867 
19 130 10.6278 0.007069 0.545491 0.105524 
18 73 5.36479 0.007029 0.301505 0.058466 
10 238 0.022197 0.003845 0.029171 0.104526 
17 96 2.68018 0.006642 0.266014 0.070633 
24 168 340.512 0.009208 2.66046 0.165961 
15 197 0.694803 0.005325 0.139319 0.125192 
18 127 5.32974 0.00671 0.31227 0.098195 
2 130 0.001113 0.002116 0.004609 0.017034 
3 124 0.001199 0.002371 0.006683 0.021586 
5 1 0.001744 0.003322 0.003293 0.003738 
6 99 0.002515 0.00289 0.011184 0.031289 
6 217 0.002748 0.003077 0.01008 0.061585 
14 103 0.333617 0.004583 0.083007 0.066864 
14 60 0.333181 0.005919 0.084764 0.040758 
22 173 87.194 0.008093 1.2984 0.16125 
15 126 0.664688 0.004748 0.141256 0.082793 
8 48 0.006628 0.003509 0.013898 0.023068 
25 4 610.71 0.012768 0.018319 0.011775 
13 232 0.167684 0.004408 0.073086 0.129897 
13 54 0.171537 0.006943 0.072581 0.034624 
20 62 21.4714 0.01342 0.617249 0.056754 
20 248 21.373 0.007207 0.621049 0.201581 
6 145 0.003182 0.003051 0.011122 0.042285 
4 29 0.001454 0.002312 0.007657 0.008875 
3 62 0.001323 0.00238 0.006589 0.013218 
20 65 21.8327 0.025153 0.66308 0.071965 
23 168 170.863 0.008792 2.38031 0.159105 
6 187 0.002856 0.002909 0.01018 0.05488 
14 75 0.332591 0.004351 0.085778 0.049255 
9 196 0.011957 0.003895 0.026043 0.077692 
4 21 0.00144 0.002764 0.007071 0.007603 
19 158 12.0958 0.007091 0.574806 0.129418 
17 63 2.73517 0.020376 0.282315 0.05 
15 111 0.665318 0.00538 0.143448 0.073439 
8 213 0.006745 0.003324 0.01564 0.077104 
7 170 0.003936 0.002981 0.014353 0.05639 
2 72 0.001132 0.001955 0.005387 0.01248 
5 49 0.001897 0.002651 0.009867 0.016548 
16 145 1.32824 0.005518 0.160515 0.101633 
20 109 21.2647 0.006743 0.627124 0.093855 
8 85 0.006658 0.003107 0.014341 0.034997 
2 54 0.000949 0.002101 0.004727 0.008378 
7 228 0.004042 0.003085 0.012971 0.073312 
1 94 0.000844 0.001379 0.005678 0.008085 
19 178 10.6659 0.00758 0.556342 0.139647 
2 81 0.001161 0.001852 0.004618 0.012785 
11 58 0.043634 0.004756 0.044284 0.031398 
10 170 0.022848 0.003679 0.028072 0.075091 
23 55 165.367 0.252412 2.40018 0.057027 
22 58 86.6706 0.049376 1.28823 0.058694 
25 182 681.932 0.009212 5.01192 0.185243 
19 67 10.6708 0.039994 0.537959 0.058762 
16 45 1.35102 0.011791 0.158629 0.037248 
25 204 680.249 0.009324 5.07525 0.207367 
13 198 0.16758 0.004706 0.104305 0.113098 
11 241 0.043599 0.004481 0.041915 0.115768 
11 9 0.041089 0.00779 0.020788 0.010537 
23 153 169.5 0.007698 2.3913 0.149247 
6 102 0.002557 0.003077 0.009876 0.031972 
1 169 0.000848 0.0016 0.006058 0.014614 
15 28 0.925992 0.043251 0.1604 0.037591 
22 40 79.9528 0.212985 1.14117 0.042473 
14 191 0.363804 0.004826 0.084563 0.115549 
18 250 5.34034 0.006692 0.306466 0.187779 
18 29 4.8529 0.089048 0.212364 0.027332 
21 183 42.4507 0.008144 1.15196 0.161285 
16 110 1.32395 0.006008 0.160304 0.078666 
4 49 0.001478 0.002775 0.008103 0.014459 
9 245 0.011978 0.003725 0.026853 0.097407 
3 244 0.001221 0.002513 0.007073 0.0386 
9 69 0.012017 0.003195 0.027182 0.031178 
20 53 21.368 0.342264 0.649878 0.0494 
8 174 0.006896 0.002814 0.014982 0.064309 
9 35 0.012841 0.005598 0.026678 0.019208 
10 61 0.022392 0.004168 0.02748 0.03045 
23 12 152.565 0.038948 0.138921 0.018366 
13 150 0.167743 0.004801 0.072988 0.085643 
18 208 5.33715 0.006651 0.316861 0.15383 
16 80 1.35781 0.006488 0.156896 0.058825 
8 129 0.006788 0.003543 0.014671 0.048547 
23 85 170.864 0.072111 2.3932 0.084554 
4 83 0.001418 0.002693 0.007276 0.020495 
15 179 0.662816 0.004845 0.137276 0.125596 
14 87 0.336562 0.005329 0.083272 0.058004 
4 165 0.001394 0.00237 0.007727 0.035105 
24 101 339.839 0.010264 2.74414 0.103946 
8 153 0.006679 0.003517 0.014121 0.058898 
7 213 0.004062 0.003158 0.013595 0.069512 
2 175 0.001188 0.002094 0.005092 0.022037 
5 229 0.001897 0.002755 0.010048 0.056042 
5 155 0.001871 0.002398 0.00921 0.039355 
25 94 683.993 0.016157 5.05984 0.100269 
9 51 0.011931 0.003967 0.022609 0.024689 
20 61 21.273 0.484038 0.665804 0.056899 
24 152 341.233 0.008826 2.72138 0.15037 
14 32 0.358721 0.02085 0.080341 0.025087 
13 31 0.171714 0.020313 0.073902 0.022656 
2 194 0.000955 0.001949 0.004666 0.023605 
12 27 0.08962 0.007656 0.04937 0.019674 
17 120 2.67957 0.006697 0.273946 0.087586 
15 59 0.675616 0.008112 0.142012 0.044547 
7 105 0.004075 0.003384 0.013921 0.036878 
10 9 0.021491 0.006231 0.0123 0.01147 
3 236 0.00119 0.002555 0.006526 0.035678 
23 157 169.897 0.008101 2.38642 0.149041 
19 206 10.6513 0.006727 0.552508 0.160878 
25 175 679.624 0.008581 5.1716 0.17911 
11 3 0.039444 0.005553 0.005128 0.007372 
10 181 0.022315 0.003564 0.0267 0.079239 
16 191 1.36569 0.005316 0.159456 0.131834 
5 80 0.001885 0.002736 0.009187 0.023602 
8 100 0.00682 0.003452 0.014767 0.039542 
16 169 1.33203 0.005724 0.157291 0.115708 
18 113 5.414 0.007312 0.33832 0.087856 
22 227 84.9563 0.007947 1.28 0.206327 
12 147 0.084608 0.004301 0.04893 0.078567 
5 232 0.002039 0.002932 0.009564 0.057456 
16 40 1.33381 0.032846 0.15675 0.033776 
19 224 10.662 0.007032 0.550813 0.173526 
14 229 0.359819 0.005496 0.083679 0.137514 
9 162 0.011937 0.003581 0.025758 0.065734 
9 145 0.01192 0.003541 0.025438 0.063609 
2 38 0.001026 0.002006 0.005028 0.007123 
18 243 5.33202 0.006139 0.310625 0.180412 
4 69 0.001456 0.002588 0.00722 0.017739 
1 237 0.000798 0.001463 0.006079 0.018066 
8 28 0.007112 0.004084 0.014497 0.016655 
25 191 684.097 0.009502 4.88523 0.193798 
2 32 0.000955 0.001881 0.004675 0.006502 
18 122 5.31564 0.006175 0.311216 0.092478 
15 28 0.664844 0.030367 0.146696 0.024947 
8 198 0.006603 0.003421 0.014252 0.099049 
22 135 84.8402 0.007787 1.28663 0.123637 
14 238 0.333324 0.004969 0.085828 0.143574 
23 133 198.068 0.008088 2.39792 0.128188 
16 141 1.32453 0.005223 0.197088 0.099816 
1 32 0.00114 0.001868 0.008372 0.007308 
7 166 0.004272 0.002979 0.013063 0.055401 
16 246 1.36065 0.005753 0.157902 0.164765 
2 238 0.001217 0.002064 0.004688 0.027477 
8 155 0.006723 0.003503 0.014805 0.059364 
23 143 171.117 0.008761 2.32299 0.136356 
20 224 27.1336 0.007461 0.616491 0.182971 
13 76 0.167245 0.004782 0.100634 0.046278 
21 178 42.463 0.007494 1.11902 0.15363 
13 206 0.167782 0.004879 0.075591 0.115529 
6 195 0.002506 0.003069 0.010382 0.055721 
21 133 42.5535 0.007656 1.14988 0.117151 
4 240 0.001566 0.002901 0.008122 0.046295 
2 137 0.000933 0.001874 0.004779 0.018064 
20 181 21.7788 0.007417 0.61672 0.1494 
17 191 2.65355 0.006568 0.273074 0.135273 
12 125 0.085144 0.004518 0.046874 0.067467 
17 134 2.69552 0.006495 0.276504 0.096574 
19 25 10.0583 0.075459 0.341745 0.040906 
20 32 19.7546 0.12784 0.509772 0.033011 
12 23 0.083912 0.010839 0.047543 0.017233 
18 204 5.33898 0.007293 0.312273 0.150561 
16 195 1.32387 0.005916 0.154981 0.139731 
7 178 0.003989 0.003381 0.013627 0.059208 
3 118 0.001281 0.002143 0.006714 0.021685 
1 238 0.000786 0.001476 0.005682 0.017307 
16 228 1.35978 0.005549 0.159468 0.161208 
2 77 0.001294 0.002147 0.004985 0.013052 
19 186 10.6008 0.006712 0.574014 0.147084 
11 200 0.043202 0.003792 0.037449 0.095896 
20 25 19.1893 0.089119 0.248881 0.027555 
11 223 0.043752 0.004327 0.041974 0.109352 
6 228 0.003082 0.003135 0.011 0.065073 
6 162 0.002473 0.002848 0.012358 0.046189 
24 224 343.175 0.008733 2.69354 0.217221 
3 88 0.001188 0.00205 0.006952 0.047594 
22 214 84.8319 0.007508 1.30498 0.193466 
23 168 169.766 0.008736 2.38008 0.161148 
20 178 21.2925 0.007494 0.62091 0.146933 
2 40 0.001117 0.001919 0.004506 0.007153 
4 46 0.001479 0.00263 0.007282 0.014018 
11 78 0.044698 0.004652 0.043932 0.040598 
21 41 40.5177 0.177172 0.79664 0.041556 
20 130 21.2184 0.007044 0.639768 0.110724 
10 105 0.022466 0.004345 0.028023 0.047812 
20 196 21.2098 0.007392 0.615519 0.162675 
12 40 0.088951 0.006471 0.048293 0.025339 
11 23 0.042593 0.01426 0.031901 0.015963 
19 79 10.7107 0.009116 0.544234 0.06614 
12 196 0.08469 0.004776 0.047065 0.104066 
1 230 0.000973 0.001514 0.005868 0.016919 
3 77 0.001336 0.0021 0.007337 0.015932 
20 9 19.1171 0.02804 0.058876 0.014168 
12 129 0.08432 0.004262 0.0468 0.070418 
9 38 0.013156 0.005448 0.024373 0.019594 
25 23 610.962 0.226344 0.723637 0.030826 
13 48 0.170168 0.00584 0.074469 0.031941 
16 79 1.36131 0.006242 0.161844 0.057759 
6 19 0.00271 0.002909 0.009779 0.011396 
23 107 170.149 0.023819 2.39849 0.104181 
13 24 0.160814 0.01457 0.059654 0.019446 
16 239 1.32361 0.004966 0.152004 0.16182 
4 70 0.001457 0.00265 0.007295 0.01791 
2 241 0.001059 0.001936 0.0047 0.028459 
13 236 0.16734 0.004538 0.072385 0.13249 
4 11 0.001553 0.002724 0.007058 0.006261 
14 67 0.333414 0.00485 0.083769 0.044645 
18 73 5.35082 0.012848 0.324464 0.069803 
5 176 0.001876 0.002431 0.009089 0.043234 
3 166 0.001147 0.002711 0.007035 0.027682 
20 165 24.7965 0.009343 0.817556 0.13707 
14 152 0.333027 0.005562 0.077354 0.095614 
15 35 0.63025 0.039194 0.121994 0.029047 
1 147 0.000758 0.00148 0.005887 0.01258 
8 165 0.006726 0.003127 0.014256 0.093217 
16 57 1.37812 0.009725 0.16168 0.045866 
12 148 0.085096 0.0042 0.04634 0.078157 
24 41 322.417 0.146854 2.46866 0.047517 
12 106 0.084603 0.004906 0.045323 0.059411 
20 80 21.5072 0.11928 0.652958 0.070893 
5 155 0.00197 0.002876 0.009879 0.040798 
8 94 0.006724 0.003719 0.01451 0.0372 
1 53 0.000873 0.001456 0.005878 0.005913 
19 41 10.7006 0.07366 0.535343 0.037932 
14 237 0.333984 0.004926 0.082563 0.142419 
19 223 10.7011 0.006998 0.54531 0.187375 
3 49 0.001192 0.002409 0.006794 0.012121 
25 110 684.582 0.01269 5.08322 0.115545 
5 33 0.002037 0.002513 0.010139 0.013867 
6 57 0.002603 0.003264 0.010453 0.021842 
2 246 0.00105 0.002114 0.004747 0.029144 
20 71 21.484 0.051082 0.657307 0.063875 
9 123 0.011979 0.003253 0.025477 0.051048 
3 206 0.001216 0.002207 0.006541 0.03267 
15 146 0.70445 0.005066 0.136251 0.095411 
6 76 0.00367 0.003202 0.013444 0.086792 
17 17 2.41964 0.03814 0.071071 0.018051 
2 34 0.000982 0.001915 0.004666 0.006615 
1 118 0.000944 0.001359 0.006081 0.011241 
18 226 5.32015 0.006455 0.310552 0.168233 
15 244 0.664933 0.0056 0.142986 0.158334 
1 18 0.000795 0.001403 0.006021 0.004026 
10 41 0.023051 0.004763 0.029085 0.022751 
23 156 169.862 0.007935 2.40132 0.147514 
20 83 21.3456 0.009018 0.61684 0.073051 
16 130 1.32747 0.00572 0.159566 0.091464 
9 163 0.011957 0.003854 0.023779 0.066399 
19 246 10.6566 0.006843 0.539666 0.192119 
15 84 0.668359 0.007224 0.146013 0.057706 
6 37 0.002562 0.002592 0.010712 0.01572 
16 232 1.3254 0.006102 0.155679 0.158533 
12 234 0.084676 0.004666 0.047149 0.123011 
18 100 5.35029 0.006396 0.315432 0.078299 
14 208 0.332344 0.005293 0.082418 0.132182 
13 75 0.167796 0.005099 0.074284 0.045567 
1 50 0.000946 0.001434 0.006013 0.005748 
18 190 5.35973 0.006845 0.305136 0.142094 
25 126 679.861 0.013967 5.07263 0.131619 
15 194 0.662956 0.004494 0.138512 0.131436 
1 15 0.000841 0.001466 0.005632 0.003914 
8 54 0.00665 0.003288 0.015079 0.024468 
8 72 0.006718 0.003885 0.01584 0.030658 
3 185 0.001287 0.002149 0.006473 0.029829 
4 57 0.001469 0.002679 0.007937 0.015924 
18 199 5.36075 0.00722 0.29895 0.147669 
2 125 0.000993 0.001902 0.004576 0.016919 
13 183 0.16769 0.004746 0.072435 0.104173 
1 200 0.000919 0.001407 0.006123 0.015862 
17 172 2.65417 0.006593 0.27005 0.121486 
13 41 0.170632 0.015621 0.076723 0.028933 
11 151 0.043015 0.004319 0.041339 0.07817 
16 196 1.35284 0.00614 0.156052 0.134114 
8 71 0.00665 0.00349 0.015277 0.030257 
1 162 0.000844 0.001518 0.005781 0.013462 
9 121 0.011955 0.00345 0.024911 0.052334 
23 183 169.754 0.007758 2.36685 0.173727 
13 146 0.167433 0.004596 0.074746 0.085048 
3 1 0.001398 0.002545 0.003455 0.003324 
6 40 0.002768 0.002989 0.009826 0.017136 
25 176 694.252 0.009141 4.95147 0.180066 
3 61 0.001112 0.002366 0.006831 0.013869 
8 69 0.006678 0.003601 0.015057 0.029429 
4 183 0.001326 0.002751 0.007284 0.037558 
15 232 0.692873 0.005256 0.136375 0.147981 
20 249 21.3499 0.007222 0.629322 0.212328 
13 157 0.168016 0.005549 0.074243 0.091924 
5 188 0.001873 0.002796 0.00987 0.048957 
19 122 10.6703 0.007044 0.5561 0.097949 
6 151 0.002799 0.003457 0.010945 0.043036 
25 182 681.72 0.009488 5.02349 0.185967 
16 166 1.32848 0.005336 0.15277 0.114137 
23 74 171.807 0.030351 2.40244 0.075491 
21 157 42.7998 0.007585 1.11686 0.139633 
1 179 0.000875 0.001435 0.005861 0.014165 
5 33 0.002092 0.002681 0.009646 0.013046 
3 177 0.001275 0.002107 0.00636 0.02882 
9 91 0.011881 0.003896 0.024294 0.03908 
23 247 169.73 0.00786 2.41294 0.233408 
7 169 0.004086 0.003386 0.013676 0.055861 
21 201 42.5118 0.007044 1.11671 0.172802 
18 71 5.55919 0.013311 0.313109 0.057985 
10 168 0.022325 0.003641 0.027072 0.074432 
16 34 1.33489 0.039732 0.158514 0.029794 
16 164 1.32423 0.005095 0.162638 0.11505 
20 29 19.6787 0.075025 0.51762 0.030112 
19 186 10.6676 0.007294 0.550908 0.144948 
9 119 0.012052 0.00375 0.023932 0.052115 
4 160 0.001384 0.002442 0.007465 0.033417 
24 17 304.636 0.077968 0.41905 0.023637 
18 138 5.35144 0.007094 0.311681 0.105047 
22 7 76.0945 0.024361 0.035595 0.013098 
19 2 9.56675 0.008805 0.004722 0.00827 
18 107 5.33798 0.00658 0.310585 0.083654 
12 234 0.128397 0.005502 0.065714 0.181563 
20 228 21.3102 0.00722 0.613356 0.195121 
14 99 0.332523 0.005021 0.082998 0.06436 
15 92 0.6654 0.005536 0.135371 0.062957 
10 146 0.022345 0.003393 0.028448 0.067996 
24 173 339.835 0.008556 2.75085 0.171706 
9 128 0.012014 0.003878 0.024515 0.053361 
6 120 0.002807 0.002981 0.010203 0.035883 
13 137 0.167687 0.004614 0.073169 0.078682 
1 173 0.000964 0.001468 0.005637 0.013855 
3 229 0.001179 0.002652 0.006695 0.035281 
1 7 0.000749 0.00154 0.005042 0.002763 
5 169 0.001846 0.002637 0.009301 0.041662 
11 33 0.045184 0.005185 0.042918 0.020795 
7 153 0.003976 0.003353 0.013719 0.051603 
6 188 0.002697 0.002779 0.010676 0.053788 
4 160 0.001374 0.002273 0.007466 0.033684 
10 160 0.022485 0.003906 0.027921 0.071217 
3 88 0.001149 0.002135 0.007009 0.017512 
6 41 0.002896 0.00341 0.010354 0.017334 
23 53 168.812 0.159549 2.41037 0.056455 
23 155 169.94 0.008582 2.31543 0.146558 
2 44 0.001006 0.001942 0.004671 0.007576 
8 17 0.007774 0.004911 0.014938 0.012525 
23 11 152.827 0.045223 0.055113 0.017207 
7 72 0.004072 0.003163 0.013799 0.028976 
23 36 153.766 0.722133 1.4539 0.040764 
15 118 0.694101 0.004718 0.139108 0.079669 
23 78 170.858 0.02627 2.41055 0.078679 
10 203 0.022588 0.003847 0.029618 0.08976 
8 69 0.006752 0.00349 0.014868 0.02958 
13 21 0.189635 0.028502 0.051707 0.018125 
3 56 0.001349 0.002063 0.006633 0.013063 
16 234 1.35753 0.005697 0.155464 0.158952 
4 135 0.001461 0.002535 0.007147 0.028462 
21 99 42.4526 0.006981 1.10337 0.088457 
21 181 43.0079 0.007262 1.09148 0.155472 
4 65 0.001443 0.002307 0.008817 0.01716 
19 111 10.6311 0.007815 0.543267 0.089372 
11 15 0.041735 0.008831 0.028207 0.012252 
16 104 1.35641 0.006695 0.158428 0.07449 
16 101 1.35586 0.005902 0.155003 0.072925 
14 210 0.496907 0.006578 0.117725 0.183184 
13 35 0.168565 0.010755 0.073721 0.024987 
4 137 0.001385 0.002654 0.007134 0.029139 
13 163 0.167303 0.00456 0.071746 0.099421 
4 167 0.001407 0.002665 0.00743 0.034436 
25 18 609.028 0.100682 0.479312 0.025484 
20 244 21.3528 0.007553 0.626782 0.198725 
8 245 0.006677 0.003415 0.014664 0.086885 
20 39 20.6045 0.118471 0.612237 0.038526 
22 168 84.7707 0.008245 1.26302 0.153393 
7 197 0.004001 0.002801 0.014364 0.063841 
5 94 0.001926 0.002353 0.009809 0.026612 
4 183 0.001487 0.002128 0.007246 0.038474 
10 6 0.021071 0.006187 0.011595 0.010134 
12 36 0.088408 0.013637 0.044602 0.023569 
21 114 42.6838 0.008042 1.15393 0.103928 
25 236 682.596 0.00824 5.04011 0.238195 
11 10 0.041084 0.008394 0.022631 0.012193 
1 82 0.000776 0.001438 0.006247 0.007463 
4 80 0.00144 0.002173 0.007303 0.019541 
21 119 42.412 0.007909 1.13931 0.107587 
7 221 0.003971 0.002743 0.012675 0.070802 
24 94 341.825 0.011631 2.79671 0.096184 
21 100 42.549 0.011388 1.13911 0.09131 
16 36 1.36762 0.023413 0.164247 0.031256 
5 70 0.001755 0.002774 0.009704 0.021153 
23 142 218.345 0.00933 2.4549 0.138469 
10 48 0.022967 0.004703 0.027507 0.024954 
18 124 5.3631 0.006641 0.303371 0.096363 
19 74 10.7904 0.019682 0.584026 0.062292 
22 11 76.331 0.033819 0.037552 0.016868 
3 16 0.001303 0.002329 0.006652 0.005622 
1 168 0.000817 0.001292 0.006311 0.014092 
18 197 5.3385 0.007046 0.296697 0.156719 
3 91 0.001152 0.001994 0.006856 0.017356 
6 106 0.002628 0.002561 0.009846 0.034113 
18 216 5.32859 0.006283 0.308159 0.158857 
11 204 0.043187 0.00386 0.040578 0.097885 
12 205 0.084886 0.004518 0.04804 0.108089 
19 25 9.66494 0.073933 0.331799 0.025955 
25 5 609.384 0.018243 0.027199 0.01275 
13 241 0.204426 0.004995 0.074399 0.13528 
22 229 84.7744 0.008715 1.28193 0.206617 
20 124 21.3078 0.007029 0.621438 0.104083 
21 105 42.5369 0.007796 1.09186 0.095018 
7 214 0.004368 0.003601 0.013519 0.069505 
11 170 0.04318 0.004077 0.039512 0.088955 
20 193 21.3359 0.007244 0.632041 0.159618 
14 228 0.332271 0.005132 0.08426 0.137008 
13 118 0.253015 0.006957 0.109807 0.103206 
25 146 680.801 0.009285 5.19837 0.150835 
20 87 21.3486 0.008338 0.605697 0.076315 
3 191 0.001166 0.002338 0.006793 0.030779 
20 58 21.6027 0.044135 0.645259 0.053276 
5 101 0.001884 0.003104 0.009418 0.027161 
9 52 0.012121 0.003538 0.024819 0.025054 
13 98 0.167909 0.004102 0.073597 0.058972 
3 225 0.001276 0.002048 0.006549 0.034633 
18 199 5.34383 0.006317 0.310298 0.146989 
22 7 76.301 0.017309 0.033042 0.013039 
7 237 0.004046 0.003015 0.013724 0.081044 
22 228 84.8521 0.007896 1.27778 0.224547 
14 128 0.334466 0.005503 0.081938 0.083508 
20 243 21.2354 0.007511 0.62992 0.201517 
21 235 42.8143 0.007862 1.12153 0.227836 
9 30 0.013049 0.004949 0.025426 0.01691 
2 191 0.001112 0.002013 0.004919 0.022389 
4 137 0.001461 0.002427 0.007748 0.02964 
23 172 170.379 0.008731 2.40472 0.163677 
1 208 0.000865 0.00141 0.005954 0.015922 
24 241 341.364 0.012332 3.16976 0.384674 
1 131 0.000895 0.001345 0.005733 0.01169 
4 154 0.001533 0.002798 0.00769 0.032543 
15 63 0.670879 0.00624 0.141692 0.046557 
18 40 5.17191 0.073627 0.30334 0.035858 
10 145 0.022326 0.004066 0.029511 0.066445 
24 181 339.709 0.009043 2.74738 0.177831 
21 246 48.1602 0.007885 1.12591 0.209439 
18 144 5.30225 0.007153 0.314696 0.110246 
7 189 0.004252 0.003439 0.013566 0.063277 
22 33 77.898 0.599686 1.05209 0.036446 
15 43 0.677333 0.01492 0.14204 0.033934 
3 248 0.001176 0.002303 0.00659 0.038483 
6 250 0.002619 0.003147 0.010528 0.069239 
19 145 10.6563 0.007311 0.543374 0.115128 
18 137 5.29794 0.006903 0.312726 0.103739 
9 169 0.012159 0.003027 0.025978 0.074627 
14 147 0.333213 0.00498 0.082739 0.091545 
5 46 0.001863 0.00279 0.009697 0.015665 
14 237 0.333213 0.004756 0.081365 0.142862 
4 134 0.001825 0.002573 0.008108 0.028972 
